0.110203 0.002244 -0.001068 0.093611 0.086783
0.116512 0.002259 -0.001765 0.086783 0.080283
0.122912 0.002253 -0.001687 0.080283 0.077341
0.127637 0.002191 -0.001326 0.077341 0.080344
0.132728 0.002426 -0.001814 0.080344 0.075328
0.138743 0.002375 -0.001593 0.075328 0.064903
0.144484 0.002395 -0.002386 0.064903 0.064422
0.149119 0.002201 -0.002276 0.064422 0.065622
0.155201 0.002299 -0.000668 0.065622 0.057340
0.159453 0.002169 -0.000615 0.057340 0.061217
0.164885 0.002334 -0.000450 0.061217 0.057855
0.170705 0.002190 0.000609 0.057855 0.055478
0.175130 0.002206 -0.000968 0.055478 0.058508
0.180120 0.002290 -0.000373 0.058508 0.057448
0.185169 0.002315 -0.001065 0.057448 0.091565
0.189142 0.003473 -0.000811 0.091565 0.100064
0.194842 0.003772 -0.000967 0.100064 0.094820
0.200030 0.003632 -0.001259 0.094820 0.095279
0.203941 0.003717 0.000335 0.095279 0.095101
0.209123 0.003687 -0.000812 0.095101 0.089543
0.214278 0.003758 0.000899 0.089543 0.090035
0.217861 0.003814 0.001389 0.090035 0.091146
0.223181 0.003875 0.000880 0.091146 0.086604
0.228527 0.003692 -0.001175 0.086604 0.086295
0.234263 0.003847 0.000234 0.086295 0.086192
0.237926 0.003826 0.001209 0.086192 0.088877
0.242298 0.003937 0.000255 0.088877 0.087779
0.247969 0.004117 0.002058 0.087779 0.083753
0.252146 0.003823 0.000797 0.083753 0.084850
0.257599 0.003902 0.000243 0.084850 0.082831
0.262495 0.003999 0.000588 0.082831 0.083842
0.267480 0.003863 -0.001012 0.083842 0.086825
0.271940 0.004184 0.000874 0.086825 0.088206
0.276521 0.004239 0.004741 0.088206 0.090387
0.280816 0.004371 -0.000134 0.090387 0.090689
0.285886 0.004379 0.002353 0.090689 0.091846
0.290598 0.004531 -0.001368 0.091846 0.095306
0.294657 0.004766 0.004362 0.095306 0.099916
0.299539 0.005023 0.000568 0.099916 0.104933
0.303715 0.005242 0.005077 0.104933 0.113092
0.308448 0.004792 -0.003579 0.113092 0.119618
0.312712 0.005920 0.001861 0.119618 0.125489
0.317420 0.006585 0.001320 0.125489 0.137898
0.321489 0.006067 0.001252 0.137898 0.147593
0.325371 0.007993 0.003319 0.147593 0.154950
0.329875 0.007151 -0.002085 0.154950 0.160143
0.333336 0.007438 0.000555 0.160143 0.163952
0.337072 0.008952 0.003148 0.163952 0.161744
0.341446 0.007492 -0.003205 0.161744 0.164812
0.345766 0.007457 -0.002311 0.164812 0.167989
0.349505 0.009487 0.004028 0.167989 0.177605
0.353554 0.010085 0.002478 0.177605 0.192637
0.356219 0.010710 0.001722 0.192637 0.231397
0.359992 0.011963 -0.001901 0.231397 0.265512
0.362612 0.014514 -0.000239 0.265512 0.289147
0.365645 0.014296 -0.001826 0.289147 0.216895
0.369390 0.011391 -0.000824 0.216895 0.171398
0.373615 0.009808 0.003471 0.171398 0.103120
0.378177 0.006001 0.002325 0.103120 0.075341
0.382005 0.004133 -0.000343 0.075341 0.040937
0.384969 0.002326 -0.000017 0.040937 0.030632
0.389198 0.001797 0.000640 0.030632 0.025878
0.392441 0.001477 0.000463 0.025878 0.012903
0.395824 0.000774 0.000645 0.012903 0.003499
0.399142 0.000156 0.000806 0.003499 0.005945
0.402700 0.000340 -0.000269 0.005945 0.007777
0.406267 0.000426 0.000079 0.007777 0.009346
0.409237 0.000528 -0.000066 0.009346 0.010275
0.412245 0.000494 -0.003225 0.010275 0.013318
0.415446 0.000588 -0.004453 0.013318 0.015403
0.417744 0.000787 -0.002633 0.015403 0.015405
0.419787 0.000886 0.000850 0.015405 0.013360
0.422148 0.000706 -0.000087 0.013360 0.008741
0.424015 0.000541 0.000763 0.008741 0.006824
0.426292 0.000420 0.001438 0.006824 0.004407
0.428286 0.000167 -0.003174 0.004407 0.002734
0.430166 0.000145 0.000828 0.002734 0.002566
0.432227 0.000182 -0.000407 0.002566 0.002078
0.434138 0.000144 0.000501 0.002078 0.001760
0.435728 0.000121 0.000645 0.001760 0.002012
0.437448 0.000086 -0.000665 0.002012 0.001679
0.439326 0.000114 0.001358 0.001679 0.001675
0.440875 0.000111 -0.000931 0.001675 0.000835
0.442762 0.000052 -0.000274 0.000835 0.000600
0.444054 0.000057 -0.000387 0.000600 -0.000073
0.445788 -0.000026 -0.000616 -0.000073 -0.000369
0.447287 -0.000005 -0.000305 -0.000369 -0.000951
0.448564 -0.000094 -0.000516 -0.000951 -0.001307
0.450125 -0.000054 -0.000114 -0.001307 -0.001381
0.451296 -0.000081 -0.000165 -0.001381 -0.001614
0.452700 -0.000124 0.000083 -0.001614 -0.001637
0.453922 -0.000118 0.000392 -0.001637 -0.001631
0.455170 -0.000127 0.000147 -0.001631 -0.001467
0.456137 -0.000040 0.000998 -0.001467 -0.001270
0.457492 -0.000068 0.000096 -0.001270 -0.001006
0.458387 -0.000027 -0.000188 -0.001006 -0.001197
0.459943 -0.000061 -0.000698 -0.001197 -0.000753
0.460788 -0.000044 -0.000621 -0.000753 -0.001080
0.461824 -0.000051 0.000994 -0.001080 -0.000808
0.462880 -0.000060 0.000016 -0.000808 -0.000804
0.463838 -0.000036 0.001283 -0.000804 -0.000783
0.464992 -0.000056 -0.000866 -0.000783 -0.000644
0.465803 -0.000033 0.000234 -0.000644 -0.000720
0.466573 -0.000040 0.000534 -0.000720 -0.000454
0.467709 0.000023 -0.001138 -0.000454 -0.000227
0.468416 0.000043 0.001487 -0.000227 -0.000530
0.469174 -0.000035 -0.001103 -0.000530 -0.000387
0.470149 0.000022 -0.000121 -0.000387 -0.000262
0.470970 0.000048 0.001073 -0.000262 -0.000467
0.471634 0.000002 -0.001861 -0.000467 -0.000484
0.472300 -0.000003 0.000797 -0.000484 -0.000337
0.473252 0.000012 0.000677 -0.000337 -0.000353
0.473814 -0.000005 -0.001940 -0.000353 -0.000564
0.474451 -0.000057 0.001417 -0.000564 -0.000346
0.475148 0.000011 0.000565 -0.000346 -0.000309
0.475835 0.000006 -0.002076 -0.000309 -0.000264
0.476398 0.000010 0.001207 -0.000264 -0.000312
0.476957 0.000018 0.000532 -0.000312 -0.000312
0.477638 0.000009 -0.001906 -0.000312 -0.000236
0.478125 0.000014 0.000668 -0.000236 -0.000336
0.478625 0.000014 0.000512 -0.000336 -0.000279
0.479223 0.000006 -0.001057 -0.000279 -0.000230
0.479728 0.000008 0.000316 -0.000230 -0.000275
0.480097 0.000032 0.000920 -0.000275 -0.000300
0.480647 0.000026 0.000145 -0.000300 -0.000231
0.481090 0.000032 -0.000313 -0.000231 -0.000349
0.481351 0.000026 -0.000288 -0.000349 -0.000339
0.481773 0.000049 0.000802 -0.000339 -0.000477
0.482053 0.000064 0.001799 -0.000477 -0.000565
0.482367 0.000007 0.000992 -0.000565 -0.000160
0.482583 0.000077 0.004451 -0.000160 0.000329
0.482902 0.000109 0.000668 0.000329 0.000741
0.483090 0.000202 0.000186 0.000741 0.000976
0.483202 0.000208 0.003657 0.000976 0.001094
0.483536 0.000276 -0.000173 0.001094 0.001192
0.483566 0.000278 0.003000 0.001192 0.000855
0.483817 0.000317 0.002811 0.000855 0.000757
0.483907 0.000361 0.002946 0.000757 0.000407
0.484087 0.000313 -0.000665 0.000407 -0.000030
0.484058 0.000288 0.004586 -0.000030 -0.000680
0.484196 0.000381 0.002285 -0.000680 -0.000949
0.484304 0.000435 -0.003274 -0.000949 -0.001710
0.484325 0.000287 0.002737 -0.001710 -0.002842
0.484305 0.000259 0.004997 -0.002842 -0.002750
0.484465 0.000594 -0.000819 -0.002750 -0.002789
0.484386 0.000292 0.003831 -0.002789 -0.003466
0.484471 0.000524 0.001330 -0.003466 -0.003532
0.484413 0.000391 0.003853 -0.003532 -0.004278
0.484440 0.000431 0.002409 -0.004278 0.001262
0.484357 0.000702 0.003861 0.001262 0.000590
0.484326 0.000778 0.006064 0.000590 -0.000428
0.484503 0.001157 -0.000066 -0.000428 -0.001327
0.484424 0.000757 0.002530 -0.001327 -0.003220
0.484421 0.000839 0.002846 -0.003220 -0.004334
0.484331 0.000792 0.003646 -0.004334 -0.005393
0.484351 0.000752 0.000941 -0.005393 -0.006176
0.484247 0.000549 0.004579 -0.006176 -0.007443
0.484227 0.000570 0.004935 -0.007443 -0.007693
0.484238 0.001147 0.000517 -0.007693 -0.007843
0.484096 0.000638 0.003872 -0.007843 -0.008433
0.483987 0.000736 0.004538 -0.008433 -0.007767
0.483842 0.000707 0.004824 -0.007767 -0.007534
0.483728 0.000899 0.003520 -0.007534 -0.006430
0.483537 0.001107 0.003748 -0.006430 -0.005258
0.483497 0.001335 0.002819 -0.005258 -0.004017
0.483102 0.001391 0.003505 -0.004017 -0.003074
0.483022 0.001418 0.003571 -0.003074 -0.002413
0.482819 0.001678 0.003607 -0.002413 -0.001561
0.482698 0.001463 0.003143 -0.001561 -0.000948
0.482457 0.001594 0.005393 -0.000948 -0.000733
0.482463 0.001651 0.004328 -0.000733 -0.000154
0.482190 0.002103 0.002010 -0.000154 -0.000356
0.481903 0.001719 0.004864 -0.000356 -0.001047
0.481838 0.001774 0.004142 -0.001047 -0.000683
0.481799 0.001922 0.004018 -0.000683 -0.000553
0.481447 0.001981 0.003677 -0.000553 0.000316
0.481390 0.002238 0.001557 0.000316 0.017205
0.481391 0.003159 0.000825 0.017205 0.017160
0.481448 0.002985 0.003582 0.017160 0.014656
0.481583 0.002985 0.001080 0.014656 0.012486
0.481733 0.002673 0.001033 0.012486 0.008495
0.482020 0.002595 0.000075 0.008495 0.005234
0.482272 0.002423 0.000811 0.005234 0.002215
0.482429 0.002326 0.000631 0.002215 -0.000166
0.482818 0.002237 -0.000573 -0.000166 -0.002786
0.482946 0.002048 0.000072 -0.002786 -0.005514
0.483330 0.002065 -0.000334 -0.005514 -0.007933
0.483550 0.001689 0.001116 -0.007933 -0.008909
0.483767 0.001933 -0.000361 -0.008909 -0.009375
0.484054 0.001848 0.000164 -0.009375 -0.009895
0.484067 0.001785 0.000483 -0.009895 -0.007994
0.484266 0.002096 -0.000502 -0.007994 0.030929
0.484924 0.004148 0.000047 0.030929 0.032771
0.486115 0.004311 -0.002629 0.032771 0.030505
0.487364 0.004053 -0.003048 0.030505 0.025585
0.488686 0.003655 -0.001307 0.025585 0.020928
0.490114 0.003661 -0.005629 0.020928 0.017128
0.491512 0.003251 -0.003905 0.017128 0.013202
0.492645 0.002924 -0.002041 0.013202 0.011685
0.493339 0.002853 0.002150 0.011685 0.015105
0.493716 0.002909 0.005915 0.015105 0.068202
0.493937 0.006375 0.006054 0.068202 0.079196
0.493823 0.007071 0.007219 0.079196 0.084561
0.493717 0.007418 0.007146 0.084561 0.088300
0.493647 0.007480 0.005602 0.088300 0.091439
0.493562 0.007735 0.005597 0.091439 0.093366
0.493486 0.007943 0.006916 0.093366 0.095156
0.493481 0.008052 0.007189 0.095156 0.049069
0.493531 0.005153 0.006363 0.049069 0.035828
0.493402 0.004324 0.008314 0.035828 0.033385
0.493077 0.004138 0.009210 0.033385 0.036130
0.492742 0.004418 0.008209 0.036130 0.039898
0.492362 0.004721 0.007308 0.039898 0.043106
0.491955 0.004899 0.008582 0.043106 0.045863
0.491564 0.005027 0.009147 0.045863 0.049356
0.491269 0.005144 0.009884 0.049356 0.052829
0.490827 0.005391 0.007463 0.052829 0.056149
0.490818 0.005621 0.005471 0.056149 0.058482
0.491105 0.005738 0.004575 0.058482 0.057017
0.491572 0.005717 0.000534 0.057017 0.053806
0.492193 0.005538 -0.000383 0.053806 0.048959
0.493071 0.005228 -0.001653 0.048959 0.044226
0.494061 0.004887 -0.002364 0.044226 0.039549
0.495218 0.004684 -0.003313 0.039549 0.035709
0.496388 0.004399 -0.003703 0.035709 0.075068
0.497502 0.006695 -0.005504 0.075068 0.077349
0.498587 0.006876 -0.004438 0.077349 0.075135
0.499574 0.006771 -0.003200 0.075135 0.073068
0.500594 0.006667 -0.001426 0.073068 0.070919
0.501513 0.006504 -0.003159 0.070919 0.069236
0.500700 0.006358 -0.000917 0.069236 0.026068
0.503042 0.003782 -0.001616 0.026068 0.018336
0.505207 0.003096 0.001897 0.018336 0.058316
0.507208 0.005633 0.000945 0.058316 0.065314
0.509145 0.005925 -0.000415 0.065314 0.066765
0.511008 0.006149 0.002824 0.066765 0.067128
0.512733 0.006090 0.002717 0.067128 0.069057
0.514681 0.006078 0.001318 0.069057 0.070116
0.516416 0.006227 0.004130 0.070116 0.071209
0.518173 0.006173 0.002263 0.071209 0.073581
0.519878 0.006221 0.001727 0.073581 0.074624
0.521557 0.006387 0.003315 0.074624 0.075843
0.523095 0.006389 0.003350 0.075843 0.077940
0.524996 0.005944 -0.001004 0.077940 0.079469
0.526678 0.006441 0.002852 0.079469 0.079661
0.528389 0.006596 0.003996 0.079661 0.082577
0.530144 0.006535 0.001404 0.082577 0.084986
0.531889 0.006507 0.000811 0.084986 0.085477
0.533661 0.006353 0.000036 0.085477 0.086018
0.535421 0.006257 0.000937 0.086018 0.086255
0.537196 0.006598 0.001358 0.086255 0.086721
0.538943 0.006528 0.001937 0.086721 0.087050
0.540779 0.006223 -0.001708 0.087050 0.086763
0.542577 0.006466 0.001274 0.086763 0.084916
0.544491 0.005335 -0.003008 0.084916 0.085745
0.546227 0.006487 0.002268 0.085745 0.084492
0.548063 0.005529 -0.000631 0.084492 0.087850
0.549769 0.006325 0.001142 0.087850 0.089400
0.551544 0.005986 0.000732 0.089400 0.136203
0.553132 0.008292 -0.001669 0.136203 0.136574
0.554622 0.008153 -0.002854 0.136574 0.120102
0.556410 0.007500 -0.001345 0.120102 0.094227
0.558135 0.006580 0.001862 0.094227 0.064858
0.559862 0.004225 -0.001116 0.064858 0.088765
0.561567 0.004901 -0.002812 0.088765 0.070157
0.563242 0.004571 0.001023 0.070157 0.061628
0.564773 0.004265 0.002329 0.061628 0.045889
0.566515 0.003006 0.001991 0.045889 0.041540
0.568005 0.002721 0.000667 0.041540 0.036335
0.569514 0.002443 0.002606 0.036335 0.007513
0.571068 0.000635 0.002658 0.007513 -0.006710
0.572606 -0.000403 0.001536 -0.006710 -0.003981
0.574130 -0.000236 0.002788 -0.003981 0.003001
0.575628 0.000176 -0.000836 0.003001 0.008200
0.577283 0.000443 -0.001953 0.008200 0.013945
0.578800 0.000954 0.003425 0.013945 0.020043
0.580413 0.001039 -0.002475 0.020043 0.016212
0.581913 0.001075 0.003228 0.016212 0.020923
0.583469 0.001348 0.000497 0.020923 0.023935
0.584698 0.001170 -0.002907 0.023935 0.025395
0.585508 0.001357 -0.000554 0.025395 0.021650
0.586244 0.001097 -0.000749 0.021650 0.020478
0.587013 0.001132 -0.000229 0.020478 0.017789
0.587713 0.001001 0.000233 0.017789 0.012783
0.588614 0.000634 -0.000742 0.012783 0.003377
0.589339 0.000157 0.000368 0.003377 -0.029527
0.590103 -0.001727 -0.000503 -0.029527 -0.035786
0.590739 -0.002186 0.000489 -0.035786 -0.038725
0.591526 -0.002338 0.000385 -0.038725 -0.039931
0.592070 -0.002207 -0.000121 -0.039931 -0.040859
0.592896 -0.002257 -0.000144 -0.040859 -0.041673
0.593553 -0.002398 0.000194 -0.041673 -0.042126
0.594244 -0.002252 -0.000630 -0.042126 -0.042168
0.594725 -0.002284 0.000628 -0.042168 -0.042349
0.595647 -0.002296 0.000297 -0.042349 -0.041943
0.596224 -0.002124 -0.000757 -0.041943 -0.041562
0.596592 -0.002271 0.000325 -0.041562 -0.041259
0.597337 -0.002220 0.000258 -0.041259 -0.040745
0.597978 -0.002235 -0.000259 -0.040745 -0.040005
0.598500 -0.002262 -0.000085 -0.040005 -0.039395
0.599162 -0.002084 -0.000684 -0.039395 -0.038797
0.599841 -0.002189 -0.000018 -0.038797 -0.038492
0.600553 -0.002114 -0.000973 -0.038492 -0.037769
0.601175 -0.002105 -0.000678 -0.037769 -0.037580
0.601777 -0.002362 0.000599 -0.037580 -0.037188
0.602424 -0.002101 -0.001259 -0.037188 -0.036822
0.602913 -0.002334 0.000449 -0.036822 -0.037154
0.603622 -0.002374 0.000225 -0.037154 -0.036957
0.604233 -0.002144 -0.000220 -0.036957 -0.037200
0.604780 -0.002373 0.000151 -0.037200 -0.037472
0.605470 -0.001984 -0.002739 -0.037472 -0.037916
0.605958 -0.002386 0.000489 -0.037916 -0.038966
0.606554 -0.002196 -0.001346 -0.038966 -0.038713
0.606990 -0.002216 -0.001681 -0.038713 -0.039444
0.607529 -0.002502 0.000015 -0.039444 -0.039861
0.608191 -0.002241 -0.001415 -0.039861 -0.039871
0.608625 -0.002567 0.001048 -0.039871 -0.040230
0.609209 -0.002635 0.000692 -0.040230 -0.039822
0.609734 -0.002392 -0.000777 -0.039822 -0.039936
0.610236 -0.002694 0.000895 -0.039936 -0.040235
0.610821 -0.002360 -0.000973 -0.040235 -0.039871
0.611351 -0.002554 -0.000192 -0.039871 -0.040137
0.611781 -0.002749 0.001194 -0.040137 -0.039876
0.612322 -0.002356 -0.001263 -0.039876 -0.039396
0.612686 -0.002557 0.000160 -0.039396 -0.039698
0.613261 -0.002769 0.001540 -0.039698 -0.039358
0.613811 -0.002439 -0.001166 -0.039358 -0.038827
0.614165 -0.002664 0.000483 -0.038827 -0.039288
0.614720 -0.002726 0.001654 -0.039288 -0.038893
0.615248 -0.002352 -0.001049 -0.038893 -0.038527
0.615590 -0.002714 0.000642 -0.038527 -0.039024
0.616090 -0.002916 0.003175 -0.039024 -0.038707
0.616631 -0.002471 -0.000824 -0.038707 -0.038112
0.616971 -0.002679 -0.000014 -0.038112 -0.038925
0.617441 -0.002948 0.003510 -0.038925 -0.039023
0.617974 -0.002535 -0.000920 -0.039023 -0.038283
0.618303 -0.002711 0.000104 -0.038283 -0.039275
0.618752 -0.002969 0.003325 -0.039275 -0.039385
0.619258 -0.002553 -0.000917 -0.039385 -0.038797
0.619579 -0.002785 0.000032 -0.038797 -0.039833
0.619992 -0.003061 0.003371 -0.039833 -0.039922
0.620486 -0.002566 -0.001282 -0.039922 -0.039317
0.620847 -0.002817 0.000345 -0.039317 -0.040495
0.621210 -0.003005 0.002596 -0.040495 -0.040623
0.621665 -0.002668 -0.001446 -0.040623 -0.040539
0.622021 -0.002970 0.000685 -0.040539 -0.042062
0.622370 -0.003092 0.002040 -0.042062 -0.061428
0.622728 -0.004099 -0.000268 -0.061428 -0.059418
0.623143 -0.003911 -0.000424 -0.059418 -0.052815
0.623465 -0.003755 0.000442 -0.052815 -0.043651
0.623930 -0.002947 -0.000159 -0.043651 -0.035230
0.624401 -0.002500 -0.000637 -0.035230 -0.037638
0.624699 -0.002747 -0.000735 -0.037638 -0.031195
0.625351 -0.002387 -0.001597 -0.031195 -0.001543
0.625665 -0.000847 -0.000148 -0.001543 -0.019891
0.626061 -0.001884 0.000489 -0.019891 -0.025732
0.626414 -0.002106 -0.000895 -0.025732 -0.029257
0.626714 -0.002349 0.000685 -0.029257 -0.030112
0.626988 -0.002473 -0.000323 -0.030112 -0.029064
0.627241 -0.002350 -0.000409 -0.029064 -0.031850
0.627528 -0.002483 0.000674 -0.031850 -0.032827
0.627616 -0.002437 0.000050 -0.032827 -0.035229
0.627843 -0.002581 0.000216 -0.035229 -0.029454
0.628202 -0.002323 0.001260 -0.029454 -0.018568
0.628300 -0.001896 0.002236 -0.018568 -0.019216
0.628453 -0.001849 0.001851 -0.019216 -0.023454
0.628479 -0.002041 0.002399 -0.023454 -0.028948
0.628668 -0.002422 0.001531 -0.028948 -0.033277
0.628620 -0.002601 0.002716 -0.033277 -0.036832
0.628755 -0.002831 0.002634 -0.036832 -0.022312
0.628704 -0.002055 0.004495 -0.022312 -0.025343
0.628862 -0.002090 0.002912 -0.025343 -0.027806
0.628937 -0.002080 0.000192 -0.027806 0.000387
0.629050 -0.000455 0.001652 0.000387 0.001463
0.629515 -0.000260 -0.000128 0.001463 0.001343
0.629755 -0.000163 -0.001094 0.001343 0.002016
0.630168 0.000049 0.001068 0.002016 0.032590
0.630429 0.001657 -0.001044 0.032590 0.035014
0.630680 0.001467 -0.001971 0.035014 0.036466
0.630906 0.001803 0.001087 0.036466 0.046071
0.631057 0.002284 -0.000880 0.046071 0.063793
0.631328 0.003114 0.000333 0.063793 0.095030
0.631096 0.004503 -0.000867 0.095030 0.137195
0.630716 0.006751 -0.000736 0.137195 0.177809
0.629857 0.008637 0.000391 0.177809 0.199526
0.628720 0.008981 -0.000475 0.199526 0.199918
0.627866 0.008679 -0.000654 0.199918 0.182277
0.627103 0.008996 -0.000375 0.182277 0.152766
0.626847 0.005764 -0.001407 0.152766 0.128552
0.626717 0.005858 -0.001227 0.128552 0.109182
0.626587 0.005624 0.001031 0.109182 0.102813
0.626731 0.005069 -0.000144 0.102813 0.106509
0.626596 0.005118 0.000752 0.106509 0.115149
0.626893 0.004062 -0.002342 0.115149 0.126163
0.626311 0.005722 -0.000447 0.126163 0.133526
0.626335 0.004802 -0.002106 0.133526 0.137738
0.625752 0.005173 -0.003058 0.137738 0.136098
0.625584 0.007179 0.002572 0.136098 0.138393
0.625542 0.005957 -0.000897 0.138393 0.145339
0.625064 0.007026 0.001324 0.145339 0.154919
0.624798 0.006001 -0.001297 0.154919 0.169764
0.624016 0.006642 -0.000484 0.169764 0.172259
0.622926 0.007133 0.002103 0.172259 0.119329
0.622683 0.004760 0.003380 0.119329 0.089444
0.622730 0.004082 0.002532 0.089444 0.038603
0.622625 0.001298 0.004194 0.038603 0.021129
0.622351 0.000358 0.007071 0.021129 -0.011604
0.621943 -0.001350 0.006585 -0.011604 -0.021968
0.621462 -0.001910 0.008888 -0.021968 -0.011578
0.620715 -0.001231 0.010093 -0.011578 -0.011738
0.620116 -0.001123 0.008949 -0.011738 -0.013054
0.619493 -0.001161 0.009652 -0.013054 -0.014263
0.618866 -0.001120 0.009417 -0.014263 0.015412
0.618094 0.000440 0.008943 0.015412 0.014840
0.617645 0.000481 0.007287 0.014840 0.010910
0.617478 0.000337 0.004981 0.010910 0.007214
0.617217 0.000341 0.005380 0.007214 0.004900
0.617236 0.000204 0.001889 0.004900 0.037091
0.617392 0.001587 0.000397 0.037091 0.037335
0.617726 0.001823 -0.000767 0.037335 0.033973
0.618162 0.001699 -0.000656 0.033973 0.036384
0.618478 0.001863 -0.000209 0.036384 0.045958
0.618957 0.002170 -0.001677 0.045958 0.063652
0.619153 0.002097 -0.004436 0.063652 0.094189
0.619134 0.004164 -0.002626 0.094189 0.135169
0.619078 0.005503 -0.001111 0.135169 0.175119
0.618185 0.008872 0.001121 0.175119 0.197564
0.617379 0.008826 0.000601 0.197564 0.201605
0.616608 0.009959 0.001566 0.201605 0.185225
0.616081 0.008551 -0.000788 0.185225 0.158678
0.615804 0.007524 -0.000660 0.158678 0.131381
0.615893 0.007040 0.001119 0.131381 0.112947
0.615989 0.006054 0.001025 0.112947 0.106551
0.616186 0.005474 -0.000996 0.106551 0.107782
0.616298 0.005483 -0.001398 0.107782 0.113597
0.616301 0.005685 -0.000431 0.113597 0.122505
0.616202 0.006420 0.000743 0.122505 0.130990
0.616212 0.006641 0.001334 0.130990 0.136731
0.616101 0.006230 -0.000446 0.136731 0.138646
0.615916 0.006524 -0.001287 0.138646 0.136189
0.615746 0.007437 0.001582 0.136189 0.131922
0.615656 0.006474 -0.000889 0.131922 0.130341
0.615690 0.006987 -0.000044 0.130341 0.127434
0.615658 0.007457 0.001055 0.127434 0.126691
0.615705 0.006594 0.001339 0.126691 0.127827
0.615731 0.006665 -0.000483 0.127827 0.127961
0.615892 0.005043 -0.003790 0.127961 0.128147
0.615538 0.007271 0.000808 0.128147 0.126998
0.615696 0.007136 0.000840 0.126998 0.129524
0.615678 0.007231 0.000899 0.129524 0.130957
0.615682 0.007163 0.000663 0.130957 0.131290
0.615683 0.006398 -0.000511 0.131290 0.131109
0.615620 0.006942 -0.000822 0.131109 0.129701
0.615590 0.007268 -0.000106 0.129701 0.129799
0.615563 0.007923 0.002666 0.129799 0.133794
0.615599 0.007074 0.000723 0.133794 0.164129
0.615320 0.007440 -0.001552 0.164129 0.165938
0.614966 0.007888 -0.001263 0.165938 0.201816
0.613953 0.009518 -0.000665 0.201816 0.163739
0.613759 0.006804 -0.001825 0.163739 0.117932
0.613676 0.005686 -0.001025 0.117932 0.058162
0.614360 0.003262 0.000341 0.058162 0.003110
0.614949 0.000137 -0.000780 0.003110 -0.012152
0.615583 -0.000662 -0.004141 -0.012152 -0.011228
0.616700 -0.000639 -0.005998 -0.011228 -0.011045
0.617689 -0.000831 -0.005030 -0.011045 -0.009323
0.619098 -0.000783 -0.009172 -0.009323 -0.007329
0.620521 -0.000810 -0.009501 -0.007329 -0.006575
0.622119 -0.000944 -0.010392 -0.006575 -0.005563
0.623683 -0.001016 -0.012017 -0.005563 -0.004136
0.625187 -0.001009 -0.010895 -0.004136 -0.003419
0.626687 -0.001155 -0.011276 -0.003419 -0.002641
0.628191 -0.001260 -0.009596 -0.002641 -0.022383
0.629599 -0.002405 -0.008246 -0.022383 -0.021631
0.630724 -0.002472 -0.008536 -0.021631 -0.018615
0.631735 -0.002356 -0.006839 -0.018615 -0.015599
0.632634 -0.002275 -0.004961 -0.015599 -0.013403
0.633171 -0.002059 -0.003634 -0.013403 -0.014693
0.633754 -0.002193 -0.001893 -0.014693 -0.078623
0.634246 -0.005091 -0.003463 -0.078623 -0.087560
0.634849 -0.005191 -0.006875 -0.087560 -0.095435
0.635415 -0.006836 -0.004047 -0.095435 -0.104643
0.636176 -0.007064 -0.006086 -0.104643 -0.115158
0.636888 -0.006701 -0.007918 -0.115158 -0.138411
0.637354 -0.007467 -0.009232 -0.138411 -0.187690
0.637566 -0.009364 -0.010135 -0.187690 -0.196724
0.637834 -0.010392 -0.012380 -0.196724 -0.115493
0.638981 -0.007488 -0.010827 -0.115493 -0.040021
0.640414 -0.003506 -0.008219 -0.040021 0.024570
0.641136 -0.000046 -0.004133 0.024570 0.046375
0.641241 0.000791 -0.000319 0.046375 0.028630
0.640863 0.000075 0.006226 0.028630 -0.015685
0.640843 -0.002290 0.004549 -0.015685 -0.060806
0.640598 -0.004585 -0.000135 -0.060806 -0.077029
0.640902 -0.004691 -0.005774 -0.077029 -0.056036
0.641718 -0.003820 -0.008502 -0.056036 -0.007420
0.643244 -0.001616 -0.012431 -0.007420 0.018699
0.644426 -0.000385 -0.013390 0.018699 0.025518
0.645827 0.000487 -0.012431 0.025518 0.013121
0.647320 -0.000292 -0.014991 0.013121 -0.004133
0.648708 -0.000882 -0.013758 -0.004133 -0.020448
0.650446 -0.001639 -0.014056 -0.020448 -0.024397
0.651845 -0.001591 -0.014079 -0.024397 -0.017077
0.653309 -0.001151 -0.013214 -0.017077 -0.003514
0.654601 -0.000365 -0.012240 -0.003514 0.007567
0.655458 0.000372 -0.006891 0.007567 0.009748
0.656113 0.000412 -0.005810 0.009748 0.004170
0.656458 0.000144 -0.003077 0.004170 -0.005332
0.656062 -0.000295 0.004710 -0.005332 -0.011818
0.655519 -0.000393 0.003115 -0.011818 -0.011382
0.654297 -0.000712 0.013859 -0.011382 -0.005417
0.652798 -0.000261 0.014355 -0.005417 0.000757
0.650850 0.000037 0.019330 0.000757 0.002831
0.648326 0.000124 0.022907 0.002831 0.001360
0.645865 0.000045 0.025311 0.001360 -0.002069
0.642633 -0.000079 0.028745 -0.002069 -0.004562
0.639594 -0.000149 0.030605 -0.004562 -0.004972
0.635841 -0.000231 0.036127 -0.004972 -0.002547
0.632157 -0.000142 0.037682 -0.002547 -0.000370
0.628124 0.000010 0.040937 -0.000370 -0.000346
0.624101 0.000010 0.041727 -0.000346 -0.000789
0.619769 -0.000069 0.043550 -0.000789 -0.001453
0.615315 -0.000076 0.046720 -0.001453 -0.001901
0.610832 -0.000103 0.046538 -0.001901 -0.002264
0.606324 -0.000090 0.046568 -0.002264 -0.002413
0.601548 -0.000113 0.046988 -0.002413 -0.002457
0.596986 -0.000086 0.047381 -0.002457 -0.002484
0.592378 -0.000078 0.047764 -0.002484 -0.002376
0.587658 -0.000054 0.046621 -0.002376 -0.002218
0.583116 -0.000093 0.046935 -0.002218 -0.002113
0.578579 -0.000057 0.046269 -0.002113 -0.001880
0.574268 -0.000083 0.042600 -0.001880 -0.001781
0.569859 -0.000067 0.044390 -0.001781 -0.001613
0.565717 -0.000078 0.045123 -0.001613 -0.001296
0.561585 -0.000020 0.041928 -0.001296 -0.000822
0.557521 -0.000014 0.042799 -0.000822 -0.000620
0.553842 -0.000049 0.039995 -0.000620 -0.000159
0.550260 0.000016 0.038449 -0.000159 0.000255
0.546625 0.000040 0.036512 0.000255 0.000419
0.543546 0.000028 0.033600 0.000419 0.000690
0.540507 0.000071 0.033723 0.000690 0.000786
0.537660 0.000072 0.034019 0.000786 0.000615
0.535115 0.000095 0.029925 0.000615 0.000461
0.532668 0.000045 0.026409 0.000461 0.000470
0.531013 0.000037 0.023433 0.000470 0.000573
0.529151 0.000071 0.023642 0.000573 0.000365
0.527629 0.000002 0.023746 0.000365 0.000381
0.526630 0.000023 0.019427 0.000381 0.000334
0.525689 0.000034 0.015507 0.000334 0.000438
0.525523 0.000061 0.011011 0.000438 0.000506
0.525314 0.000080 0.011028 0.000506 0.000388
0.525519 0.000005 0.007377 0.000388 0.000380
0.526412 0.000004 0.003165 0.000380 0.000411
0.527251 0.000032 0.002290 0.000411 0.000421
0.528671 0.000061 -0.004692 0.000421 0.000538
0.530578 0.000099 -0.004197 0.000538 0.000368
0.532881 0.000029 -0.011179 0.000368 0.000224
0.535610 0.000011 -0.012401 0.000224 -0.000059
0.538397 0.000025 -0.012520 -0.000059 -0.000117
0.541604 0.000037 -0.020064 -0.000117 0.000003
0.545255 0.000041 -0.019976 0.000003 -0.000828
0.549129 -0.000040 -0.024106 -0.000828 -0.000723
0.553411 -0.000030 -0.027013 -0.000723 -0.000748
0.557563 -0.000009 -0.027503 -0.000748 -0.000986
0.562348 -0.000027 -0.033761 -0.000986 -0.001153
0.567237 -0.000047 -0.031753 -0.001153 -0.001725
0.572058 -0.000088 -0.032764 -0.001725 -0.001357
0.577313 -0.000046 -0.037177 -0.001357 -0.001157
0.582660 -0.000025 -0.040844 -0.001157 -0.001619
0.588108 -0.000097 -0.042832 -0.001619 -0.002096
0.593563 -0.000079 -0.041564 -0.002096 -0.002510
0.599504 -0.000150 -0.045003 -0.002510 -0.002522
0.605096 -0.000131 -0.046513 -0.002522 -0.002715
0.610852 -0.000138 -0.048538 -0.002715 -0.003069
0.616461 -0.000196 -0.047071 -0.003069 -0.003337
0.622261 -0.000173 -0.047886 -0.003337 -0.003283
0.628110 -0.000141 -0.051008 -0.003283 -0.003334
0.633773 -0.000134 -0.051805 -0.003334 -0.003479
0.639226 -0.000082 -0.051801 -0.003479 -0.003398
0.644798 -0.000093 -0.050102 -0.003398 -0.003344
0.650098 -0.000101 -0.050717 -0.003344 -0.002241
0.655222 -0.000060 -0.051517 -0.002241 -0.001063
0.660346 -0.000045 -0.048264 -0.001063 -0.000187
0.665139 0.000011 -0.049803 -0.000187 0.001037
0.669701 0.000099 -0.046810 0.001037 0.001104
0.673987 0.000095 -0.044695 0.001104 0.001606
0.677946 0.000153 -0.043526 0.001606 0.001817
0.681629 0.000100 -0.039462 0.001817 0.001254
0.685084 0.000039 -0.038003 0.001254 0.000620
0.688138 0.000042 -0.030821 0.000620 -0.002657
0.690868 -0.000091 -0.035575 -0.002657 -0.002374
0.693071 -0.000050 -0.028850 -0.002374 -0.001948
0.694790 -0.000037 -0.023873 -0.001948 -0.000256
0.696316 0.000034 -0.020569 -0.000256 0.001199
0.697021 0.000019 -0.014917 0.001199 0.001864
0.697476 0.000057 -0.010490 0.001864 0.002082
0.697307 0.000068 -0.005450 0.002082 0.001630
0.696876 0.000122 -0.001259 0.001630 0.001120
0.696270 0.000070 0.000072 0.001120 0.000041
0.695736 0.000012 -0.000075 0.000041 -0.002273
0.694997 -0.000077 -0.000540 -0.002273 -0.019703
0.694391 -0.000918 0.001484 -0.019703 -0.019749
0.693859 -0.000973 0.000388 -0.019749 -0.012411
0.693359 -0.000523 0.000698 -0.012411 -0.002294
0.692914 -0.000059 0.000314 -0.002294 0.005570
0.692231 0.000254 0.000765 0.005570 0.007742
0.691724 0.000389 0.000442 0.007742 0.004426
0.691187 0.000163 -0.000246 0.004426 -0.000426
0.690776 -0.000030 0.000554 -0.000426 -0.006589
0.690156 -0.000302 -0.001183 -0.006589 -0.011325
0.689639 -0.000421 0.000184 -0.011325 -0.015419
0.689095 -0.000647 0.000684 -0.015419 -0.021221
0.688660 -0.000734 -0.000447 -0.021221 -0.029317
0.688091 -0.001028 -0.002132 -0.029317 -0.036967
0.687671 -0.001594 0.000775 -0.036967 -0.042352
0.687043 -0.002039 0.001359 -0.042352 -0.034704
0.686418 -0.001543 0.000618 -0.034704 -0.005551
0.685922 -0.000130 0.001797 -0.005551 0.000479
0.685568 0.000200 0.000510 0.000479 -0.001811
0.685081 0.000176 -0.000153 -0.001811 -0.005510
0.684530 0.000106 0.001018 -0.005510 -0.009799
0.684286 0.000266 -0.001877 -0.009799 -0.009606
0.683846 0.000067 0.000409 -0.009606 -0.011907
0.683415 0.000175 -0.000858 -0.011907 -0.013802
0.683098 0.000299 -0.000772 -0.013802 -0.015303
0.682659 0.000492 -0.000272 -0.015303 -0.013290
0.682133 0.000890 -0.001039 -0.013290 -0.011870
0.681706 0.001031 -0.000141 -0.011870 -0.009968
0.681123 0.001149 0.001927 -0.009968 -0.006950
0.680691 0.001344 0.002509 -0.006950 0.014761
0.680276 0.002639 -0.001639 0.014761 0.016156
0.679926 0.002786 -0.000469 0.016156 0.011619
0.679552 0.002679 0.000614 0.011619 0.005778
0.679234 0.002482 0.000337 0.005778 0.000067
0.678885 0.002460 0.000144 0.000067 -0.004673
0.678768 0.002435 -0.001681 -0.004673 -0.007725
0.678309 0.002389 -0.000745 -0.007725 -0.009229
0.677986 0.002435 0.000879 -0.009229 -0.008443
0.677593 0.002739 0.000692 -0.008443 -0.005647
0.677189 0.003062 0.000183 -0.005647 0.024000
0.676761 0.004155 -0.000526 0.024000 0.024342
0.676636 0.004209 -0.003441 0.024342 0.020617
0.677062 0.004106 -0.004611 0.020617 0.015265
0.677832 0.003582 -0.003047 0.015265 0.011347
0.678763 0.003372 -0.005154 0.011347 0.010045
0.679625 0.003522 -0.006906 0.010045 0.035581
0.680639 0.004658 -0.008562 0.035581 0.035797
0.681230 0.004646 -0.001525 0.035797 0.038444
0.681393 0.004743 0.005435 0.038444 0.048269
0.681134 0.005215 0.006866 0.048269 0.063687
0.680637 0.006087 0.010938 0.063687 0.084457
0.679785 0.007306 0.012857 0.084457 0.109802
0.678840 0.007851 0.009815 0.109802 0.140274
0.677881 0.008147 0.006261 0.140274 0.160383
0.676881 0.009720 0.006275 0.160383 0.163695
0.676212 0.009509 0.002695 0.163695 0.150366
0.675973 0.009292 0.000069 0.150366 0.127416
0.676148 0.008404 -0.000964 0.127416 0.105803
0.676400 0.007093 -0.002314 0.105803 0.095239
0.676819 0.006710 -0.001203 0.095239 0.093348
0.676993 0.007106 0.000921 0.093348 0.095933
0.677228 0.007400 0.001660 0.095933 0.101662
0.677390 0.007028 -0.000762 0.101662 0.108723
0.677443 0.007557 0.000886 0.108723 0.115417
0.677517 0.007384 -0.000217 0.115417 0.119174
0.677562 0.007743 0.000407 0.119174 0.119359
0.677693 0.007011 -0.001278 0.119359 0.116642
0.677832 0.006891 -0.001512 0.116642 0.111717
0.678033 0.006774 -0.001539 0.111717 0.106760
0.678353 0.006169 -0.002460 0.106760 0.103679
0.678567 0.006205 -0.001722 0.103679 0.102287
0.678783 0.006030 -0.001548 0.102287 0.102644
0.679003 0.005940 -0.001510 0.102644 0.104050
0.679242 0.005778 -0.001242 0.104050 0.105581
0.679257 0.005709 -0.001794 0.105581 0.106893
0.679450 0.005833 -0.001483 0.106893 0.108345
0.679582 0.005852 -0.000938 0.108345 0.108795
0.679732 0.005547 -0.002337 0.108795 0.108683
0.679700 0.005837 -0.000645 0.108683 0.108208
0.679927 0.005463 -0.001810 0.108208 0.107880
0.679883 0.006252 0.000136 0.107880 0.107327
0.680114 0.005504 -0.001056 0.107327 0.107573
0.680137 0.005880 -0.000523 0.107573 0.107157
0.680262 0.005185 -0.000999 0.107157 0.107470
0.680319 0.005278 -0.001241 0.107470 0.107694
0.680319 0.005726 -0.000002 0.107694 0.109508
0.680348 0.004669 -0.002296 0.109508 0.113068
0.680325 0.005371 -0.001391 0.113068 0.117693
0.680192 0.005398 -0.000612 0.117693 0.140146
0.679846 0.006244 -0.000935 0.140146 0.201466
0.678599 0.007308 -0.001823 0.201466 0.212418
0.676965 0.010270 0.001340 0.212418 0.179067
0.676404 0.006448 -0.002157 0.179067 0.127442
0.676166 0.006154 0.000974 0.127442 0.024249
0.676659 0.001189 -0.001814 0.024249 -0.045168
0.676901 -0.002650 0.001490 -0.045168 -0.083555
0.676938 -0.003669 -0.000692 -0.083555 -0.053419
0.677323 -0.002378 -0.000823 -0.053419 -0.000478
0.677764 -0.000003 0.001162 -0.000478 0.013520
0.677975 0.000715 -0.001303 0.013520 0.017077
0.677721 0.000883 0.001395 0.017077 0.014684
0.677387 0.000816 0.000193 0.014684 0.008407
0.677121 0.000369 -0.001037 0.008407 0.004115
0.676801 0.000195 -0.000059 0.004115 0.003201
0.676498 0.000137 0.000699 0.003201 0.003140
0.676102 0.000137 0.000795 0.003140 0.002536
0.675878 0.000126 0.000367 0.002536 0.001612
0.675573 0.000067 -0.000006 0.001612 0.000680
0.675189 0.000004 -0.000655 0.000680 -0.000072
0.674952 -0.000011 0.000048 -0.000072 -0.000957
0.674713 -0.000023 -0.000517 -0.000957 -0.001573
0.674296 -0.000076 0.001236 -0.001573 -0.002314
0.674116 -0.000061 -0.000784 -0.002314 -0.002941
0.673839 -0.000112 -0.000274 -0.002941 -0.003610
0.673553 -0.000190 0.000937 -0.003610 -0.004022
0.673265 -0.000223 0.000368 -0.004022 -0.004127
0.673060 -0.000187 -0.001220 -0.004127 -0.004346
0.672796 -0.000214 -0.000102 -0.004346 -0.004515
0.672521 -0.000302 0.000885 -0.004515 -0.004402
0.672244 -0.000244 0.000414 -0.004402 -0.003021
0.672070 -0.000144 -0.001472 -0.003021 -0.001870
0.671798 -0.000106 0.000379 -0.001870 -0.001378
0.671547 -0.000041 0.000364 -0.001378 -0.000717
0.671295 -0.000048 0.000070 -0.000717 -0.000208
0.671113 0.000020 -0.000953 -0.000208 0.000451
0.670837 0.000032 -0.000229 0.000451 0.000885
0.670558 0.000076 0.000218 0.000885 0.001465
0.670392 0.000067 0.000105 0.001465 0.001589
0.670188 0.000107 -0.000230 0.001589 0.001662
0.669828 0.000112 -0.001028 0.001662 0.001285
0.669676 0.000068 0.000741 0.001285 0.000955
0.669398 0.000047 -0.000494 0.000955 0.001208
0.669226 0.000068 0.000076 0.001208 0.000979
0.668961 0.000066 0.000100 0.000979 0.001131
0.668885 0.000044 0.000208 0.001131 0.001105
0.668556 0.000050 0.000831 0.001105 0.001154
0.668258 0.000075 -0.000220 0.001154 0.000915
0.668068 0.000072 0.001222 0.000915 0.000808
0.667840 0.000093 0.001124 0.000808 0.000847
0.667454 0.000111 0.001629 0.000847 0.000682
0.667021 0.000129 0.000821 0.000682 0.000529
0.666672 0.000180 0.001362 0.000529 0.000083
0.666261 0.000165 0.001900 0.000083 -0.000096
0.666121 0.000241 0.001433 -0.000096 -0.000319
0.665636 0.000267 0.000672 -0.000319 -0.000465
0.665158 0.000367 0.001704 -0.000465 -0.001088
0.664703 0.000349 0.001573 -0.001088 -0.001530
0.664172 0.000352 0.004024 -0.001530 -0.001995
0.663740 0.000377 0.004441 -0.001995 -0.001925
0.663341 0.000457 0.003831 -0.001925 -0.002224
0.662809 0.000594 0.003667 -0.002224 -0.002505
0.662220 0.000589 0.004076 -0.002505 -0.000116
0.661666 0.000841 0.003265 -0.000116 -0.000394
0.661337 0.000929 0.002825 -0.000394 -0.001250
0.660654 0.000952 0.004021 -0.001250 -0.002477
0.660180 0.000960 0.004972 -0.002477 -0.003600
0.659576 0.000951 0.004798 -0.003600 -0.004499
0.659151 0.001067 0.004381 -0.004499 -0.005081
0.658468 0.001076 0.004926 -0.005081 -0.005211
0.657771 0.001262 0.004414 -0.005211 -0.004784
0.657313 0.001239 0.004896 -0.004784 0.000792
0.656622 0.001480 0.005816 0.000792 0.002229
0.656140 0.001790 0.004053 0.002229 0.001447
0.655504 0.001617 0.006777 0.001447 -0.000365
0.654961 0.001796 0.005002 -0.000365 -0.001476
0.654269 0.001882 0.004546 -0.001476 -0.002891
0.653741 0.001683 0.006935 -0.002891 -0.003408
0.653131 0.001926 0.006186 -0.003408 -0.002602
0.652466 0.002097 0.005075 -0.002602 -0.001834
0.652004 0.002213 0.005332 -0.001834 -0.001161
0.651304 0.002352 0.005769 -0.001161 -0.000721
0.650781 0.002454 0.004668 -0.000721 -0.000766
0.650283 0.002751 0.002591 -0.000766 -0.001202
0.649740 0.002227 0.005257 -0.001202 -0.001626
0.649163 0.002184 0.006085 -0.001626 0.018441
0.648729 0.003460 0.005325 0.018441 0.019045
0.648534 0.003616 0.002007 0.019045 0.014581
0.648294 0.003502 0.002299 0.014581 0.008115
0.648164 0.003277 0.000290 0.008115 0.002074
0.648142 0.002749 0.001209 0.002074 -0.004065
0.648111 0.002772 -0.000593 -0.004065 -0.007946
0.648031 0.002485 -0.000321 -0.007946 -0.011429
0.648013 0.002322 0.000935 -0.011429 -0.013701
0.647761 0.002208 0.001472 -0.013701 -0.013855
0.647708 0.002586 0.000193 -0.013855 -0.011163
0.647475 0.002201 0.002713 -0.011163 0.028850
0.647543 0.004416 -0.000266 0.028850 0.029913
0.648158 0.004424 -0.003254 0.029913 0.026547
0.649120 0.004288 -0.004160 0.026547 0.022175
0.650427 0.004007 -0.004558 0.022175 0.018339
0.651741 0.003660 -0.004975 0.018339 0.015267
0.652986 0.003571 -0.003525 0.015267 0.013222
0.653744 0.003465 0.000482 0.013222 0.019035
0.653917 0.003602 0.008360 0.019035 0.055658
0.653755 0.005713 0.009034 0.055658 0.065241
0.653258 0.006181 0.012018 0.065241 0.071192
0.652802 0.006597 0.012490 0.071192 0.077381
0.652162 0.006866 0.012217 0.077381 0.082954
0.651562 0.007504 0.014623 0.082954 0.088355
0.651023 0.007109 0.011030 0.088355 0.094168
0.650505 0.007388 0.010006 0.094168 0.095540
0.650233 0.007712 0.008523 0.095540 0.060416
0.650227 0.005975 0.007687 0.060416 0.048010
0.650285 0.005386 0.009010 0.048010 0.044465
0.650402 0.005110 0.006406 0.044465 0.044879
0.650491 0.005132 0.004054 0.044879 0.046006
0.650658 0.005225 0.003549 0.046006 0.047566
0.651231 0.005266 0.000777 0.047566 0.043286
0.651984 0.005080 -0.000808 0.043286 0.037733
0.653050 0.004799 -0.003451 0.037733 0.033284
0.654233 0.004543 -0.005534 0.033284 0.029815
0.655513 0.004399 -0.004963 0.029815 0.029753
0.656551 0.004364 -0.003373 0.029753 0.053479
0.657326 0.005553 -0.000162 0.053479 0.056308
0.658029 0.005746 0.001212 0.056308 0.058452
0.658602 0.005579 -0.000485 0.058452 0.060352
0.659079 0.005778 0.001658 0.060352 0.061669
0.659465 0.005627 0.001455 0.061669 0.064522
0.659709 0.006159 0.004940 0.064522 0.067199
0.659994 0.006204 0.004977 0.067199 0.071256
0.660200 0.005936 0.002436 0.071256 0.074486
0.660491 0.006288 0.004400 0.074486 0.076555
0.660623 0.006380 0.004258 0.076555 0.080434
0.660877 0.006066 0.002198 0.080434 0.083064
0.661129 0.006645 0.003310 0.083064 0.084857
0.661447 0.006045 0.001721 0.084857 0.087128
0.661778 0.006273 0.000971 0.087128 0.087851
0.662178 0.006514 0.001122 0.087851 0.088205
0.662676 0.005898 -0.001456 0.088205 0.088570
0.663066 0.006364 0.001339 0.088570 0.087398
0.663646 0.006198 -0.001976 0.087398 0.087569
0.664176 0.006023 -0.000812 0.087569 0.085832
0.664731 0.005583 -0.002269 0.085832 0.084773
0.665333 0.005639 -0.001109 0.084773 0.082668
0.665901 0.005586 -0.002526 0.082668 0.081564
0.666475 0.005344 -0.001093 0.081564 0.079777
0.667016 0.005123 -0.001888 0.079777 0.079976
0.667508 0.004916 -0.000991 0.079976 0.080993
0.667892 0.004758 -0.001663 0.080993 0.121512
0.668090 0.006827 -0.001304 0.121512 0.119059
0.668416 0.006903 -0.000474 0.119059 0.103458
0.668853 0.004463 -0.004930 0.103458 0.152845
0.668517 0.007561 -0.001859 0.152845 0.063770
0.669272 0.003207 -0.003218 0.063770 0.065441
0.669665 0.003895 0.000498 0.065441 0.052493
0.670015 0.003227 0.002558 0.052493 0.036133
0.670485 0.002093 0.000892 0.036133 0.043361
0.670818 0.002487 0.001095 0.043361 0.000351
0.671292 0.000120 0.000348 0.000351 -0.017702
0.671667 -0.000848 0.001154 -0.017702 -0.011749
0.672067 -0.000576 -0.000691 -0.011749 -0.000264
0.672520 0.000031 -0.001197 -0.000264 0.011999
0.672925 0.000615 -0.000335 0.011999 0.022725
0.673349 0.000954 -0.001493 0.022725 0.032073
0.673740 0.001809 0.001744 0.032073 0.039006
0.674129 0.002240 0.002149 0.039006 0.024723
0.674337 0.001266 0.000615 0.024723 0.024741
0.674051 0.001075 -0.000821 0.024741 0.018589
0.673876 0.000898 0.000891 0.018589 0.015085
0.673462 0.000775 0.001672 0.015085 0.010247
0.673301 0.000467 -0.000732 0.010247 0.001078
0.672924 0.000045 -0.001330 0.001078 -0.034814
0.672547 -0.001558 0.000811 -0.034814 -0.042737
0.672162 -0.002028 -0.000145 -0.042737 -0.044221
0.671950 -0.001982 0.000477 -0.044221 -0.044936
0.671692 -0.002272 -0.000131 -0.044936 -0.044566
0.671337 -0.002416 0.000495 -0.044566 -0.044338
0.671082 -0.002361 0.000299 -0.044338 -0.043886
0.670774 -0.002416 0.000653 -0.043886 -0.043399
0.670524 -0.002214 -0.000229 -0.043399 -0.042638
0.670231 -0.002375 0.000418 -0.042638 -0.042166
0.669978 -0.002253 0.000267 -0.042166 -0.041205
0.669782 -0.001741 -0.001507 -0.041205 -0.040484
0.669406 -0.002266 0.001282 -0.040484 -0.040061
0.669263 -0.001872 -0.000787 -0.040061 -0.038970
0.668992 -0.001945 -0.000350 -0.038970 -0.038529
0.668628 -0.001746 -0.000328 -0.038529 -0.037733
0.668454 -0.001696 -0.000549 -0.037733 -0.037245
0.668129 -0.001669 -0.000906 -0.037245 -0.036478
0.667959 -0.001634 -0.000600 -0.036478 -0.036536
0.667714 -0.001675 -0.000769 -0.036536 -0.036060
0.667578 -0.001742 -0.000028 -0.036060 -0.035939
0.667268 -0.001703 -0.000523 -0.035939 -0.035529
0.667062 -0.001775 0.000114 -0.035529 -0.035759
0.666938 -0.001828 -0.000283 -0.035759 -0.035560
0.666653 -0.001754 -0.000208 -0.035560 -0.035754
0.666461 -0.001817 -0.000553 -0.035754 -0.036042
0.666315 -0.001858 0.000383 -0.036042 -0.036317
0.666063 -0.001853 -0.000616 -0.036317 -0.036655
0.665880 -0.002050 0.001090 -0.036655 -0.037275
0.665688 -0.001761 -0.001138 -0.037275 -0.037259
0.665563 -0.001941 -0.000228 -0.037259 -0.038173
0.665245 -0.001972 -0.000335 -0.038173 -0.038447
0.665152 -0.001994 -0.000183 -0.038447 -0.039138
0.664901 -0.002050 -0.000254 -0.039138 -0.039129
0.664760 -0.002133 0.000796 -0.039129 -0.039477
0.664516 -0.002147 -0.000161 -0.039477 -0.039216
0.664384 -0.002183 0.000148 -0.039216 -0.039589
0.664228 -0.002021 -0.001471 -0.039589 -0.039353
0.664037 -0.002153 0.000317 -0.039353 -0.039502
0.663774 -0.002213 0.000345 -0.039502 -0.038910
0.663777 -0.002291 -0.001295 -0.038910 -0.038703
0.663510 -0.002185 -0.000425 -0.038703 -0.038884
0.663430 -0.002294 -0.000322 -0.038884 -0.038329
0.663321 -0.002179 -0.000044 -0.038329 -0.037979
0.663101 -0.002163 -0.000740 -0.037979 -0.037451
0.662878 -0.002236 0.000134 -0.037451 -0.037849
0.662827 -0.002115 -0.001184 -0.037849 -0.037712
0.662709 -0.002336 0.000135 -0.037712 -0.037780
0.662590 -0.002236 -0.000225 -0.037780 -0.037275
0.662367 -0.002293 -0.000019 -0.037275 -0.037099
0.662211 -0.002226 -0.000729 -0.037099 -0.037175
0.662080 -0.002322 -0.000168 -0.037175 -0.037461
0.661917 -0.002309 -0.000241 -0.037461 -0.037598
0.662027 -0.002281 -0.000577 -0.037598 -0.038040
0.661724 -0.002351 -0.001017 -0.038040 -0.038243
0.661637 -0.002398 -0.000180 -0.038243 -0.039308
0.661448 -0.002390 -0.000668 -0.039308 -0.058565
0.661180 -0.003273 -0.000371 -0.058565 -0.056484
0.661094 -0.003123 -0.001179 -0.056484 -0.048721
0.661039 -0.002827 -0.002377 -0.048721 -0.039991
0.661124 -0.002742 -0.001356 -0.039991 -0.032691
0.660987 -0.002400 -0.001071 -0.032691 -0.005209
0.661021 -0.000996 -0.001020 -0.005209 -0.030526
0.660815 -0.002353 0.001067 -0.030526 -0.035296
0.660872 -0.002420 -0.000647 -0.035296 -0.033718
0.660595 -0.002379 0.000263 -0.033718 -0.030309
0.660564 -0.002124 -0.000487 -0.030309 -0.028368
0.660500 -0.002053 -0.000237 -0.028368 -0.026581
0.660357 -0.002041 -0.000304 -0.026581 -0.027608
0.660220 -0.002138 0.000331 -0.027608 -0.028113
0.660018 -0.002273 0.000982 -0.028113 -0.030579
0.659917 -0.002340 0.000492 -0.030579 -0.027812
0.659585 -0.002172 0.000500 -0.027812 -0.015581
0.659501 -0.001642 0.001739 -0.015581 -0.017768
0.659150 -0.001766 0.002929 -0.017768 -0.025103
0.658807 -0.002070 0.001268 -0.025103 -0.031493
0.658657 -0.001969 -0.001579 -0.031493 -0.036254
0.658159 -0.002685 0.002430 -0.036254 -0.040224
0.657938 -0.002551 0.001257 -0.040224 -0.040335
0.657570 -0.002597 0.001004 -0.040335 -0.027613
0.657153 -0.002182 0.002832 -0.027613 -0.028086
0.657070 -0.002072 0.001679 -0.028086 0.004861
0.656987 -0.000318 0.001086 0.004861 0.007501
0.656834 -0.000122 -0.000758 0.007501 0.006638
0.656653 0.000204 0.000202 0.006638 0.006487
0.656746 0.000217 -0.000266 0.006487 0.034373
0.656554 0.001551 -0.000775 0.034373 0.036103
0.656545 0.001874 -0.000015 0.036103 0.038711
0.656448 0.001875 0.000362 0.038711 0.050336
0.656261 0.002431 0.000774 0.050336 0.070985
0.655968 0.002871 -0.000974 0.070985 0.102825
0.655265 0.004611 -0.000258 0.102825 0.147282
0.654642 0.006502 -0.000041 0.147282 0.183160
0.653361 0.007810 -0.000720 0.183160 0.198953
0.651892 0.005081 -0.002799 0.198953 0.193179
0.650523 0.008112 -0.001263 0.193179 0.169523
0.649470 0.007490 0.000317 0.169523 0.143233
0.648907 0.006748 0.000159 0.143233 0.120958
0.648638 0.003963 -0.002472 0.120958 0.107154
0.648255 0.004687 -0.001189 0.107154 0.102781
0.647894 0.004682 -0.000204 0.102781 0.109617
0.647727 0.004407 -0.002395 0.109617 0.121158
0.647201 0.004695 -0.000896 0.121158 0.131720
0.646476 0.004919 -0.000722 0.131720 0.137882
0.646046 0.005616 -0.000600 0.137882 0.138009
0.645395 0.005537 -0.000804 0.138009 0.135080
0.644836 0.006355 0.000193 0.135080 0.137532
0.644442 0.003964 -0.002588 0.137532 0.142467
0.643710 0.005602 -0.001663 0.142467 0.156683
0.642611 0.006666 -0.000097 0.156683 0.166498
0.641643 0.005142 -0.000758 0.166498 0.127169
0.640898 0.004144 0.000392 0.127169 0.100959
0.640699 0.003471 0.001446 0.100959 0.056032
0.640508 0.002330 0.003346 0.056032 0.032523
0.640151 0.000666 0.004649 0.032523 0.017497
0.639386 0.000094 0.008148 0.017497 0.002294
0.638744 -0.000627 0.009564 0.002294 -0.007589
0.637877 -0.001079 0.009900 -0.007589 -0.013334
0.636860 -0.001239 0.012010 -0.013334 -0.016867
0.636103 -0.001258 0.010010 -0.016867 -0.018663
0.635196 -0.001392 0.009200 -0.018663 -0.018757
0.634317 -0.001256 0.009052 -0.018757 0.010269
0.633668 0.000206 0.008166 0.010269 0.012175
0.633064 0.000497 0.008572 0.012175 0.010057
0.632827 0.000428 0.005646 0.010057 0.008719
0.632583 0.000373 0.000979 0.008719 0.038382
0.632634 0.001734 0.001426 0.038382 0.038290
0.632776 0.001387 -0.001818 0.038290 0.035674
0.632973 0.001909 -0.000470 0.035674 0.037630
0.633179 0.001756 -0.000624 0.037630 0.047614
0.633344 0.002368 -0.000512 0.047614 0.066173
0.633275 0.003171 0.000783 0.066173 0.097244
0.633175 0.004120 -0.001021 0.097244 0.139868
0.632710 0.007390 0.002035 0.139868 0.178666
0.631761 0.009228 0.001851 0.178666 0.199709
0.630716 0.009009 0.000927 0.199709 0.199614
0.629653 0.009399 0.001182 0.199614 0.180679
0.628963 0.007581 -0.001758 0.180679 0.152586
0.628647 0.007081 -0.000591 0.152586 0.126501
0.628398 0.006936 0.001379 0.126501 0.109589
0.628376 0.005589 0.000205 0.109589 0.104636
0.628335 0.005664 -0.000083 0.104636 0.107356
0.628330 0.005496 -0.000203 0.107356 0.116228
0.628194 0.005723 0.000122 0.116228 0.126260
0.627741 0.006267 0.001220 0.126260 0.134465
0.627506 0.005934 0.000464 0.134465 0.139398
0.627481 0.005366 -0.002084 0.139398 0.139397
0.626968 0.007345 0.000067 0.139397 0.136039
0.626871 0.005989 -0.001788 0.136039 0.134347
0.626514 0.007292 0.001087 0.134347 0.130836
0.626354 0.007252 0.000828 0.130836 0.129419
0.626181 0.006912 0.001079 0.129419 0.128121
0.626106 0.005735 -0.001967 0.128121 0.127744
0.625866 0.007213 0.000598 0.127744 0.127021
0.625715 0.007571 0.002419 0.127021 0.128534
0.625659 0.006495 0.000589 0.128534 0.130063
0.625568 0.005549 -0.002424 0.130063 0.129405
0.625372 0.006238 -0.002319 0.129405 0.128288
0.625175 0.007138 0.000934 0.128288 0.128631
0.625008 0.007566 0.002176 0.128631 0.129856
0.624985 0.006177 -0.000684 0.129856 0.130829
0.624855 0.005735 -0.001984 0.130829 0.129866
0.624670 0.006004 -0.001393 0.129866 0.133851
0.624431 0.007308 0.000523 0.133851 0.160084
0.623932 0.008793 0.001217 0.160084 0.163518
0.623507 0.009084 0.001892 0.163518 0.197088
0.622727 0.009160 0.000586 0.197088 0.161520
0.622255 0.007453 0.000153 0.161520 0.113233
0.622219 0.005754 0.000642 0.113233 0.055782
0.622627 0.002946 -0.000446 0.055782 0.004929
0.623151 0.000272 -0.000403 0.004929 -0.009888
0.623855 -0.000595 -0.005332 -0.009888 -0.010307
0.624748 -0.000712 -0.004019 -0.010307 -0.011434
0.625952 -0.000687 -0.010402 -0.011434 -0.010090
0.627137 -0.000904 -0.008275 -0.010090 -0.010299
0.628561 -0.000946 -0.011846 -0.010299 -0.008566
0.630009 -0.001060 -0.012239 -0.008566 -0.008054
0.631435 -0.001138 -0.011590 -0.008054 -0.006650
0.632761 -0.001210 -0.011568 -0.006650 -0.005050
0.634127 -0.001337 -0.011758 -0.005050 -0.004503
0.635634 -0.001449 -0.010955 -0.004503 -0.023684
0.636791 -0.002507 -0.008197 -0.023684 -0.022842
0.637897 -0.002514 -0.008917 -0.022842 -0.018846
0.638578 -0.002355 -0.005383 -0.018846 -0.015979
0.639457 -0.002246 -0.004654 -0.015979 -0.013943
0.639858 -0.002131 -0.002078 -0.013943 -0.020760
0.640263 -0.002489 -0.001966 -0.020760 -0.080513
0.640881 -0.005286 -0.004370 -0.080513 -0.090902
0.641234 -0.006250 -0.004356 -0.090902 -0.099067
0.641832 -0.006335 -0.006119 -0.099067 -0.107523
0.642431 -0.006461 -0.007821 -0.107523 -0.120176
0.642783 -0.006881 -0.007704 -0.120176 -0.147267
0.643058 -0.007808 -0.008165 -0.147267 -0.189669
0.643316 -0.007907 -0.012179 -0.189669 -0.200192
0.643350 -0.010434 -0.012258 -0.200192 -0.115046
0.644593 -0.006743 -0.013593 -0.115046 -0.020756
0.645720 -0.002454 -0.009900 -0.020756 0.046644
0.646331 0.000788 -0.004205 0.046644 0.049946
0.646428 0.001183 0.000270 0.049946 0.027059
0.645971 -0.000743 0.001860 0.027059 -0.020817
0.645466 -0.002486 0.001658 -0.020817 -0.067144
0.645368 -0.004651 0.001050 -0.067144 -0.075264
0.645892 -0.004830 -0.004952 -0.075264 -0.047310
0.646770 -0.003277 -0.010343 -0.047310 0.000694
0.647924 -0.001219 -0.013188 0.000694 0.022894
0.649363 0.000126 -0.011296 0.022894 0.024458
0.650583 0.000159 -0.014512 0.024458 0.010040
0.651898 -0.000368 -0.014444 0.010040 -0.008587
0.653458 -0.001110 -0.013175 -0.008587 -0.022147
0.655051 -0.001645 -0.015560 -0.022147 -0.023580
0.656353 -0.001591 -0.014284 -0.023580 -0.013255
0.657774 -0.000894 -0.013411 -0.013255 -0.000342
0.658684 -0.000142 -0.009123 -0.000342 0.008645
0.659593 0.000413 -0.008569 0.008645 0.008059
0.660183 0.000329 -0.006116 0.008059 0.001903
0.660245 0.000061 -0.001149 0.001903 -0.006885
0.659844 -0.000436 0.006985 -0.006885 -0.011796
0.659106 -0.000607 0.008018 -0.011796 -0.009480
0.657800 -0.000546 0.016024 -0.009480 -0.003118
0.656297 -0.000192 0.014784 -0.003118 0.001794
0.654104 0.000110 0.023112 0.001794 0.002450
0.651720 0.000079 0.022837 0.002450 0.000491
0.648892 -0.000016 0.027480 0.000491 -0.002579
0.645706 -0.000097 0.028938 -0.002579 -0.004332
0.642586 -0.000171 0.033269 -0.004332 -0.003927
0.638923 -0.000188 0.036505 -0.003927 -0.002050
0.635291 -0.000059 0.034767 -0.002050 -0.000449
0.631164 0.000014 0.040790 -0.000449 -0.000726
0.627019 -0.000063 0.043063 -0.000726 -0.001182
0.622697 -0.000064 0.044424 -0.001182 -0.001722
0.618486 -0.000123 0.044960 -0.001722 -0.002186
0.613661 -0.000120 0.045311 -0.002186 -0.002408
0.609131 -0.000082 0.046990 -0.002408 -0.002642
0.604617 -0.000161 0.048196 -0.002642 -0.002571
0.600167 -0.000120 0.047376 -0.002571 -0.002278
0.595280 -0.000068 0.048416 -0.002278 -0.001925
0.590784 -0.000078 0.046615 -0.001925 -0.001841
0.586225 -0.000085 0.047652 -0.001841 -0.001714
0.581841 -0.000081 0.046151 -0.001714 -0.001529
0.577375 -0.000076 0.043801 -0.001529 -0.001296
0.573053 -0.000020 0.044370 -0.001296 -0.001148
0.568770 -0.000029 0.045079 -0.001148 -0.000832
0.564561 0.000000 0.040429 -0.000832 -0.000568
0.560727 -0.000032 0.041375 -0.000568 -0.000494
0.556924 0.000007 0.041425 -0.000494 0.000052
0.553254 0.000030 0.039684 0.000052 0.000363
0.549694 0.000044 0.036331 0.000363 0.000575
0.546804 0.000077 0.033636 0.000575 0.000826
0.543669 0.000066 0.034125 0.000826 0.000458
0.540748 0.000015 0.034913 0.000458 0.000471
0.538269 0.000039 0.029951 0.000471 0.000579
0.535784 0.000103 0.025891 0.000579 0.000710
0.534213 0.000085 0.023274 0.000710 0.000773
0.532280 0.000066 0.024176 0.000773 0.000401
0.530778 0.000002 0.023945 0.000401 0.000421
0.529738 0.000027 0.019642 0.000421 0.000410
0.528809 0.000036 0.015442 0.000410 0.000494
0.528696 0.000069 0.010934 0.000494 0.000510
0.528396 0.000087 0.011320 0.000510 0.000210
0.528584 0.000009 0.006665 0.000210 0.000404
0.529461 0.000013 0.003454 0.000404 0.000253
0.530210 0.000036 0.003526 0.000253 0.000098
0.531671 0.000034 -0.005200 0.000098 0.000106
0.533522 0.000025 -0.003610 0.000106 -0.000349
0.535615 0.000031 -0.010613 -0.000349 -0.000151
0.538305 0.000022 -0.011825 -0.000151 -0.000523
0.541076 -0.000035 -0.012131 -0.000523 -0.000568
0.544329 -0.000021 -0.019412 -0.000568 -0.000222
0.547821 0.000025 -0.018505 -0.000222 -0.000749
0.551551 -0.000024 -0.025443 -0.000749 -0.000597
0.555815 -0.000045 -0.025710 -0.000597 -0.001015
0.559964 -0.000011 -0.026991 -0.001015 -0.000702
0.564803 0.000001 -0.033590 -0.000702 -0.000757
0.569162 -0.000040 -0.031410 -0.000757 -0.001156
0.574235 -0.000041 -0.033734 -0.001156 -0.001096
0.579204 -0.000033 -0.036061 -0.001096 -0.001054
0.584429 -0.000032 -0.040385 -0.001054 -0.001442
0.590003 -0.000023 -0.042600 -0.001442 -0.002098
0.595470 -0.000071 -0.042986 -0.002098 -0.002551
0.600891 -0.000152 -0.043624 -0.002551 -0.002768
0.606713 -0.000155 -0.046464 -0.002768 -0.003009
0.612287 -0.000131 -0.049194 -0.003009 -0.003200
0.617975 -0.000146 -0.049588 -0.003200 -0.003615
0.623576 -0.000184 -0.051813 -0.003615 -0.003643
0.629253 -0.000229 -0.049793 -0.003643 -0.003782
0.634860 -0.000222 -0.049571 -0.003782 -0.003144
0.640408 -0.000121 -0.051118 -0.003144 -0.002776
0.645671 -0.000087 -0.051448 -0.002776 -0.002478
0.651076 -0.000024 -0.050958 -0.002478 -0.001583
0.656224 -0.000069 -0.049874 -0.001583 -0.000443
0.661118 0.000007 -0.049118 -0.000443 0.000697
0.666066 0.000052 -0.051589 0.000697 0.001083
0.670490 0.000089 -0.046165 0.001083 0.000891
0.674852 0.000104 -0.046219 0.000891 0.001460
0.678655 0.000088 -0.042278 0.001460 0.001463
0.682643 0.000080 -0.039829 0.001463 0.001449
0.685825 0.000047 -0.035954 0.001449 0.001517
0.689042 0.000104 -0.033039 0.001517 0.001106
0.691638 0.000067 -0.028537 0.001106 -0.002094
0.694012 -0.000070 -0.026946 -0.002094 -0.002338
0.695837 -0.000047 -0.024488 -0.002338 -0.001595
0.697276 -0.000056 -0.017107 -0.001595 -0.000241
0.698075 0.000008 -0.012917 -0.000241 0.001440
0.698754 0.000013 -0.008514 0.001440 0.002004
0.698722 0.000076 -0.005596 0.002004 0.001953
0.698464 0.000100 -0.002939 0.001953 0.001504
0.697802 0.000103 0.000009 0.001504 0.000574
0.697195 0.000059 -0.000147 0.000574 -0.001200
0.696517 -0.000028 0.000558 -0.001200 -0.020307
0.696050 -0.000777 -0.000151 -0.020307 -0.020042
0.695440 -0.000757 -0.000842 -0.020042 -0.013470
0.694831 -0.000618 0.001118 -0.013470 -0.003454
0.694329 -0.000078 0.000214 -0.003454 0.004734
0.693749 0.000149 -0.001376 0.004734 0.007199
0.693156 0.000344 0.000870 0.007199 0.004657
0.692637 0.000240 0.000167 0.004657 0.001088
0.692123 0.000030 -0.000076 0.001088 -0.004697
0.691600 -0.000242 0.000020 -0.004697 -0.009982
0.691035 -0.000380 -0.000439 -0.009982 -0.013511
0.690572 -0.000525 -0.000404 -0.013511 -0.017404
0.689930 -0.000671 -0.000817 -0.017404 -0.024838
0.689484 -0.001230 0.002407 -0.024838 -0.034392
0.688968 -0.001442 -0.000633 -0.034392 -0.040002
0.688253 -0.001722 0.000301 -0.040002 -0.038072
0.687812 -0.001819 0.001488 -0.038072 -0.018487
0.687206 -0.000702 0.000771 -0.018487 0.004591
0.686815 0.000407 0.001064 0.004591 -0.000767
0.686374 0.000182 -0.000549 -0.000767 -0.004567
0.685910 0.000112 -0.000063 -0.004567 -0.009425
0.685531 0.000053 0.001231 -0.009425 -0.014226
0.685029 -0.000065 -0.001495 -0.014226 -0.014047
0.684655 0.000030 -0.000617 -0.014047 -0.016169
0.684183 0.000259 -0.001449 -0.016169 -0.016692
0.683766 0.000346 -0.000581 -0.016692 -0.014612
0.683339 0.000546 0.001028 -0.014612 -0.012663
0.682818 0.000893 0.000652 -0.012663 -0.009656
0.682304 0.001310 0.000279 -0.009656 -0.006348
0.681859 0.001507 0.000800 -0.006348 -0.001907
0.681336 0.001653 0.001375 -0.001907 0.016125
0.680762 0.002695 0.001122 0.016125 0.017090
0.680436 0.002949 -0.001202 0.017090 0.012516
0.680070 0.002827 0.000310 0.012516 0.005798
0.679775 0.002587 -0.000511 0.005798 0.000045
0.679492 0.002514 -0.001287 0.000045 -0.004727
0.679148 0.002486 -0.001031 -0.004727 -0.007799
0.678787 0.002539 -0.001434 -0.007799 -0.008541
0.678504 0.002790 -0.001751 -0.008541 -0.007709
0.678013 0.002534 0.000660 -0.007709 -0.003395
0.677551 0.002922 0.001363 -0.003395 0.023551
0.677252 0.004237 -0.000873 0.023551 0.023628
0.677383 0.004213 -0.003619 0.023628 0.020000
0.677992 0.004026 -0.004878 0.020000 0.015403
0.678867 0.003906 -0.007205 0.015403 0.012928
0.679720 0.003498 -0.005060 0.012928 0.037844
0.680687 0.004770 -0.007751 0.037844 0.037583
0.681565 0.004784 -0.002348 0.037583 0.036224
0.681969 0.004640 0.001064 0.036224 0.043397
0.681938 0.004990 0.006486 0.043397 0.055437
0.681556 0.005544 0.007612 0.055437 0.073479
0.680856 0.006494 0.011516 0.073479 0.095801
0.680000 0.007800 0.013213 0.095801 0.124594
0.679019 0.008577 0.009731 0.124594 0.150921
0.678056 0.007125 0.003126 0.150921 0.164356
0.677116 0.010324 0.005231 0.164356 0.158654
0.676705 0.009201 0.001235 0.158654 0.140513
0.676703 0.008578 -0.001523 0.140513 0.115682
0.676991 0.007666 -0.001616 0.115682 0.098650
0.677172 0.007353 -0.000091 0.098650 0.092505
0.677614 0.006847 -0.000802 0.092505 0.093552
0.677847 0.006904 0.001457 0.093552 0.097395
0.678014 0.006583 -0.000545 0.097395 0.102722
0.678119 0.007212 0.001206 0.102722 0.109866
0.678160 0.007436 0.000926 0.109866 0.115897
0.678203 0.007593 0.000028 0.115897 0.119069
0.678306 0.007056 -0.001198 0.119069 0.119062
0.678305 0.006954 -0.001330 0.119062 0.115573
0.678570 0.006504 -0.002299 0.115573 0.110858
0.678687 0.007122 -0.000859 0.110858 0.105945
0.679007 0.006215 -0.001630 0.105945 0.103774
0.679158 0.006347 -0.001140 0.103774 0.102672
0.679461 0.005949 -0.001441 0.102672 0.103356
0.679682 0.006165 -0.000629 0.103356 0.104151
0.679832 0.005772 -0.001555 0.104151 0.105600
0.679807 0.005859 -0.001143 0.105600 0.107113
0.680080 0.005739 -0.001747 0.107113 0.108521
0.680190 0.006061 -0.000478 0.108521 0.108863
0.680294 0.005666 -0.002055 0.108863 0.108465
0.680242 0.005662 -0.000748 0.108465 0.107911
0.680411 0.005395 -0.001599 0.107911 0.107611
0.680506 0.005798 -0.000694 0.107611 0.107274
0.680617 0.005274 -0.001347 0.107274 0.107083
0.680692 0.004968 -0.002178 0.107083 0.107007
0.680654 0.005155 -0.001419 0.107007 0.107388
0.680748 0.005072 -0.001673 0.107388 0.108783
0.680695 0.005822 -0.000116 0.108783 0.111882
0.680737 0.005607 0.000088 0.111882 0.115967
0.680605 0.005705 -0.001191 0.115967 0.128139
0.680414 0.005976 0.000371 0.128139 0.196489
0.679291 0.006539 -0.001961 0.196489 0.220806
0.677829 0.005376 -0.003305 0.220806 0.199257
0.676571 0.006973 -0.001211 0.199257 0.135540
0.676334 0.005194 -0.001717 0.135540 0.065023
0.676620 0.003042 -0.000718 0.065023 -0.022279
0.677026 -0.001005 -0.002344 -0.022279 -0.088673
0.676930 -0.004680 0.001672 -0.088673 -0.084822
0.677094 -0.003877 -0.000832 -0.084822 -0.014842
0.677549 -0.000686 0.000762 -0.014842 0.011525
0.677877 0.000657 0.002698 0.011525 0.028269
0.677726 0.001434 -0.000062 0.028269 0.022367
0.677465 0.000917 -0.000957 0.022367 0.014750
0.677123 0.000758 0.000283 0.014750 0.005597
0.676795 0.000323 0.000930 0.005597 0.003290
0.676472 0.000151 0.000468 0.003290 0.002959
0.676216 0.000125 -0.000201 0.002959 0.002037
0.675835 0.000061 -0.000133 0.002037 0.001040
0.675492 0.000008 -0.000841 0.001040 0.000190
0.675240 -0.000009 0.000371 0.000190 -0.000605
0.674871 -0.000032 -0.000282 -0.000605 -0.001172
0.674634 -0.000036 0.000978 -0.001172 -0.002053
0.674446 -0.000065 -0.001222 -0.002053 -0.002553
0.674156 -0.000102 0.000010 -0.002553 -0.003313
0.673853 -0.000114 0.000700 -0.003313 -0.003680
0.673558 -0.000207 0.000034 -0.003680 -0.003976
0.673350 -0.000171 -0.001453 -0.003976 -0.004229
0.673065 -0.000219 0.000097 -0.004229 -0.004418
0.672795 -0.000238 0.000427 -0.004418 -0.004287
0.672522 -0.000240 0.000394 -0.004287 -0.003763
0.672323 -0.000194 -0.000860 -0.003763 -0.002544
0.672047 -0.000172 0.000756 -0.002544 -0.001599
0.671781 -0.000103 0.000480 -0.001599 -0.000862
0.671555 -0.000048 0.000133 -0.000862 -0.000225
0.671338 0.000017 -0.000483 -0.000225 0.000507
0.671134 0.000086 0.000588 0.000507 0.001042
0.670794 0.000075 0.000459 0.001042 0.001226
0.670654 0.000062 -0.000216 0.001226 0.001232
0.670379 0.000070 0.000101 0.001232 0.001224
0.670071 0.000074 -0.000552 0.001224 0.001276
0.669919 0.000063 0.000646 0.001276 0.001258
0.669574 0.000047 -0.000396 0.001258 0.001368
0.669564 0.000078 -0.000196 0.001368 0.001153
0.669158 0.000063 0.000407 0.001153 0.001401
0.669076 0.000037 -0.000142 0.001401 0.001366
0.668822 0.000048 0.000306 0.001366 0.001381
0.668515 0.000063 -0.000558 0.001381 0.001282
0.668269 0.000052 0.001193 0.001282 0.001134
0.667969 0.000053 0.000121 0.001134 0.001109
0.667835 0.000060 0.001710 0.001109 0.000857
0.667350 0.000091 0.001410 0.000857 0.000961
0.667288 0.000142 0.000880 0.000961 0.000607
0.666761 0.000151 0.001878 0.000607 0.000517
0.666556 0.000218 0.001322 0.000517 0.000295
0.666029 0.000201 0.002491 0.000295 -0.000052
0.665648 0.000260 0.003961 -0.000052 -0.000170
0.665176 0.000294 0.003718 -0.000170 -0.000596
0.664832 0.000324 0.001666 -0.000596 -0.001163
0.664270 0.000400 0.002716 -0.001163 -0.001847
0.663879 0.000396 0.003792 -0.001847 -0.002167
0.663521 0.000491 0.002881 -0.002167 -0.002280
0.662950 0.000528 0.002379 -0.002280 -0.002656
0.662307 0.000640 0.002579 -0.002656 -0.000251
0.661914 0.000768 0.003544 -0.000251 -0.000616
0.661275 0.000799 0.004901 -0.000616 -0.001219
0.660884 0.000885 0.004096 -0.001219 -0.002197
0.660277 0.000903 0.004766 -0.002197 -0.003440
0.659878 0.001030 0.004038 -0.003440 -0.004543
0.659135 0.000979 0.004603 -0.004543 -0.005145
0.658582 0.001076 0.004710 -0.005145 -0.005370
0.658115 0.001203 0.003962 -0.005370 -0.004891
0.657432 0.001280 0.004670 -0.004891 -0.004056
0.656885 0.001415 0.003265 -0.004056 0.001900
0.656236 0.001598 0.006262 0.001900 0.002755
0.655620 0.001709 0.005770 0.002755 0.002165
0.655038 0.001705 0.007116 0.002165 -0.000041
0.654490 0.001798 0.005294 -0.000041 -0.001735
0.653885 0.001856 0.005175 -0.001735 -0.002973
0.653271 0.001908 0.005082 -0.002973 -0.002885
0.652609 0.002081 0.005340 -0.002885 -0.002335
0.652091 0.002119 0.006211 -0.002335 -0.001239
0.651498 0.002352 0.004178 -0.001239 -0.000748
0.650912 0.002190 0.006563 -0.000748 -0.001329
0.650424 0.002503 0.003034 -0.001329 -0.001090
0.649825 0.002196 0.005994 -0.001090 -0.002101
0.649392 0.002485 0.004260 -0.002101 0.018366
0.648967 0.003487 0.002703 0.018366 0.018585
0.648671 0.003653 0.002374 0.018585 0.013720
0.648387 0.003292 0.002975 0.013720 0.007975
0.648294 0.002809 0.004600 0.007975 0.002009
0.648330 0.003064 -0.001233 0.002009 -0.003133
0.648234 0.002567 0.000789 -0.003133 -0.008765
0.648140 0.002297 0.000267 -0.008765 -0.011720
0.648039 0.002545 0.000106 -0.011720 -0.014190
0.647957 0.002422 0.001004 -0.014190 -0.014911
0.647678 0.002190 0.002260 -0.014911 -0.012747
0.647507 0.002633 0.000584 -0.012747 0.029238
0.647423 0.004421 -0.000101 0.029238 0.030129
0.647914 0.004393 -0.000834 0.030129 0.026450
0.648938 0.004208 -0.003691 0.026450 0.022337
0.650081 0.004092 -0.006781 0.022337 0.018127
0.651405 0.003729 -0.005794 0.018127 0.014463
0.652694 0.003558 -0.004784 0.014463 0.011923
0.653630 0.003269 0.000309 0.011923 0.012383
0.654054 0.003586 0.003028 0.012383 0.053280
0.653985 0.005612 0.007513 0.053280 0.060828
0.653701 0.006047 0.010264 0.060828 0.067062
0.653186 0.006331 0.012720 0.067062 0.072992
0.652679 0.006235 0.010580 0.072992 0.079017
0.652045 0.006274 0.009315 0.079017 0.083455
0.651417 0.007309 0.012449 0.083455 0.087712
0.650834 0.007254 0.009798 0.087712 0.092918
0.650447 0.007370 0.009014 0.092918 0.093461
0.650313 0.007455 0.007172 0.093461 0.053084
0.650379 0.005593 0.008557 0.053084 0.043312
0.650467 0.005059 0.006475 0.043312 0.041564
0.650562 0.004985 0.005453 0.041564 0.042268
0.650706 0.005030 0.004326 0.042268 0.044181
0.651238 0.005091 0.001705 0.044181 0.042356
0.651877 0.005005 -0.000129 0.042356 0.037825
0.652780 0.004803 -0.002225 0.037825 0.033756
0.653808 0.004602 -0.005130 0.033756 0.030512
0.655110 0.004442 -0.004095 0.030512 0.029317
0.656197 0.004296 -0.002983 0.029317 0.053292
0.657092 0.005508 -0.002612 0.053292 0.055808
0.657792 0.005627 -0.000892 0.055808 0.056740
0.658477 0.005668 0.001145 0.056740 0.058286
0.658798 0.005620 0.000612 0.058286 0.060799
0.659300 0.005659 0.001522 0.060799 0.062483
0.659546 0.005714 0.002324 0.062483 0.065450
0.659859 0.006051 0.004718 0.065450 0.068634
0.660079 0.006173 0.003741 0.068634 0.072799
0.660153 0.005821 0.002119 0.072799 0.075867
0.660463 0.006137 0.003820 0.075867 0.078025
0.660655 0.006298 0.001837 0.078025 0.081969
0.660853 0.006401 0.003495 0.081969 0.084447
0.661161 0.006112 0.001204 0.084447 0.087126
0.661478 0.005939 -0.001279 0.087126 0.088133
0.661815 0.006674 0.001559 0.088133 0.088227
0.662228 0.006371 0.000130 0.088227 0.089744
0.662726 0.006069 -0.001081 0.089744 0.089435
0.663188 0.006081 -0.000683 0.089435 0.088373
0.663747 0.005850 -0.001375 0.088373 0.087483
0.664317 0.005654 -0.002287 0.087483 0.085935
0.664894 0.005624 -0.002002 0.085935 0.083962
0.665485 0.005010 -0.003274 0.083962 0.082315
0.666060 0.005726 -0.000735 0.082315 0.080070
0.666646 0.005085 -0.002189 0.080070 0.080601
0.667167 0.004733 -0.003032 0.080601 0.080443
0.667686 0.004848 -0.000941 0.080443 0.087679
0.668123 0.004877 -0.001630 0.087679 0.116153
0.668299 0.006911 -0.000936 0.116153 0.111752
0.668643 0.006079 -0.001598 0.111752 0.097624
0.669027 0.003876 -0.004692 0.097624 0.128475
0.669012 0.006808 -0.000200 0.128475 0.059166
0.669613 0.003439 -0.000356 0.059166 0.064192
0.669992 0.003734 0.001460 0.064192 0.054092
0.670297 0.002706 -0.000748 0.054092 0.053405
0.670748 0.002954 0.001880 0.053405 0.038719
0.671104 0.002111 0.000779 0.038719 0.003220
0.671497 0.000258 0.002073 0.003220 -0.016471
0.671937 -0.000777 0.000171 -0.016471 -0.012275
0.672320 -0.000593 0.001483 -0.012275 -0.000668
0.672810 -0.000040 -0.000711 -0.000668 0.010797
0.673244 0.000643 0.000962 0.010797 0.020871
0.673713 0.000828 -0.003346 0.020871 0.017171
0.674095 0.000856 -0.000112 0.017171 0.021861
0.674423 0.001271 0.001641 0.021861 0.025414
0.674260 0.001048 -0.000416 0.025414 0.027638
0.673980 0.001285 -0.000395 0.027638 0.020544
0.673667 0.001114 0.001182 0.020544 0.016095
0.673386 0.000784 0.000512 0.016095 0.009002
0.673020 0.000350 -0.000379 0.009002 -0.029612
0.672866 -0.001306 0.000691 -0.029612 -0.038246
0.672576 -0.001698 0.000348 -0.038246 -0.040660
0.672097 -0.001647 -0.000435 -0.040660 -0.041549
0.671794 -0.002117 0.000226 -0.041549 -0.041879
0.671517 -0.001765 -0.000859 -0.041879 -0.041824
0.671250 -0.002010 -0.000066 -0.041824 -0.041592
0.670962 -0.001888 0.000695 -0.041592 -0.040784
0.670597 -0.001771 -0.000681 -0.040784 -0.039986
0.670203 -0.001797 -0.000183 -0.039986 -0.039936
0.670147 -0.001616 -0.001110 -0.039936 -0.039562
0.669694 -0.001555 -0.001641 -0.039562 -0.038781
0.669428 -0.001762 0.001466 -0.038781 -0.038649
0.669238 -0.001701 -0.000561 -0.038649 -0.037273
0.668953 -0.001657 0.000123 -0.037273 -0.037169
0.668846 -0.001678 -0.000656 -0.037169 -0.036671
0.668436 -0.001702 0.000051 -0.036671 -0.036338
0.668399 -0.001654 -0.000255 -0.036338 -0.036285
0.667949 -0.001661 -0.000152 -0.036285 -0.036119
0.667936 -0.001693 -0.000499 -0.036119 -0.036524
0.667529 -0.001767 0.000093 -0.036524 -0.036451
0.667430 -0.001633 -0.000900 -0.036451 -0.036489
0.667111 -0.001747 -0.000451 -0.036489 -0.036949
0.666892 -0.001809 -0.000281 -0.036949 -0.037317
0.666707 -0.001835 -0.000195 -0.037317 -0.037591
0.666496 -0.001901 -0.000037 -0.037591 -0.037820
0.666264 -0.001797 -0.000891 -0.037820 -0.037969
0.666090 -0.001913 -0.000285 -0.037969 -0.038537
0.665809 -0.001924 -0.000531 -0.038537 -0.038344
0.665710 -0.002026 -0.000054 -0.038344 -0.038634
0.665413 -0.001969 -0.000257 -0.038634 -0.038406
0.665354 -0.001913 -0.000893 -0.038406 -0.038612
0.665068 -0.002157 0.000203 -0.038612 -0.038549
0.665009 -0.002094 0.000124 -0.038549 -0.038480
0.664729 -0.002067 -0.000041 -0.038480 -0.037996
0.664688 -0.002043 -0.000409 -0.037996 -0.037988
0.664377 -0.002053 -0.000617 -0.037988 -0.037984
0.664337 -0.002058 -0.000360 -0.037984 -0.038058
0.664077 -0.002065 -0.000500 -0.038058 -0.037883
0.663925 -0.002064 -0.000608 -0.037883 -0.037835
0.663665 -0.002167 0.000314 -0.037835 -0.038008
0.663529 -0.002159 -0.000581 -0.038008 -0.037853
0.663464 -0.002194 0.000131 -0.037853 -0.038035
0.663386 -0.002069 -0.001170 -0.038035 -0.037639
0.663135 -0.002280 0.000157 -0.037639 -0.037689
0.662923 -0.002173 -0.000754 -0.037689 -0.037500
0.662767 -0.002337 0.000593 -0.037500 -0.037559
0.662642 -0.002210 -0.000637 -0.037559 -0.037439
0.662585 -0.002399 0.000597 -0.037439 -0.037566
0.662355 -0.002282 -0.000453 -0.037566 -0.037265
0.662430 -0.002241 -0.000371 -0.037265 -0.037579
0.662023 -0.002353 0.000149 -0.037579 -0.037487
0.662134 -0.002182 -0.001071 -0.037487 -0.038116
0.661894 -0.002405 0.000123 -0.038116 -0.038411
0.661831 -0.002375 0.000244 -0.038411 -0.038822
0.661550 -0.002458 0.000062 -0.038822 -0.039207
0.661385 -0.002357 -0.001139 -0.039207 -0.042140
0.661252 -0.002589 -0.000238 -0.042140 -0.057468
0.661040 -0.003208 -0.000605 -0.057468 -0.054101
0.661141 -0.003081 -0.000700 -0.054101 -0.046707
0.660900 -0.003034 0.000904 -0.046707 -0.038331
0.660972 -0.002758 -0.000779 -0.038331 -0.040949
0.660919 -0.002835 -0.000028 -0.040949 -0.034611
0.660963 -0.002347 -0.001736 -0.034611 -0.001426
0.660711 -0.000858 -0.000802 -0.001426 0.002266
0.660615 -0.000759 -0.000006 0.002266 -0.026721
0.660457 -0.001994 -0.000331 -0.026721 -0.036503
0.660225 -0.002650 0.001560 -0.036503 -0.041885
0.660180 -0.003065 0.000118 -0.041885 -0.039414
0.659959 -0.002806 -0.000185 -0.039414 -0.038563
0.659884 -0.002700 0.000700 -0.038563 -0.036302
0.659596 -0.002485 0.000543 -0.036302 -0.034460
0.659328 -0.002488 0.001779 -0.034460 -0.019921
0.659232 -0.001836 0.002272 -0.019921 -0.014722
0.659098 -0.001646 0.001616 -0.014722 -0.020901
0.658883 -0.001885 0.001311 -0.020901 -0.027192
0.658460 -0.002203 0.003272 -0.027192 -0.031686
0.658226 -0.002297 0.000587 -0.031686 -0.035314
0.657922 -0.002614 0.002833 -0.035314 -0.038027
0.657627 -0.002712 0.001815 -0.038027 -0.024449
0.657258 -0.002011 0.001670 -0.024449 -0.026806
0.657053 -0.002038 0.002228 -0.026806 -0.024630
0.656924 -0.001812 0.000264 -0.024630 0.005218
0.656669 -0.000213 0.000803 0.005218 0.008678
0.656718 0.000106 -0.000958 0.008678 0.009564
0.656667 0.000448 0.001135 0.009564 0.036975
0.656505 0.001709 -0.000709 0.036975 0.038186
0.656470 0.001907 0.001192 0.038186 0.037525
0.656404 0.001815 -0.000271 0.037525 0.045699
0.656196 0.002301 0.000499 0.045699 0.061712
0.656011 0.002384 0.000786 0.061712 0.088011
0.655566 0.003738 -0.001683 0.088011 0.127488
0.654951 0.007001 0.001571 0.127488 0.169932
0.653845 0.006734 -0.001522 0.169932 0.195261
0.652233 0.006795 -0.002027 0.195261 0.197534
0.650833 0.009305 0.000896 0.197534 0.181724
0.649925 0.007184 -0.001696 0.181724 0.155553
0.649026 0.005412 -0.000547 0.155553 0.128563
0.648429 0.005419 -0.000853 0.128563 0.108549
0.648118 0.005370 0.001543 0.108549 0.101322
0.647977 0.004154 -0.001614 0.101322 0.104306
0.647671 0.004520 -0.000635 0.104306 0.113944
0.647263 0.004499 -0.001294 0.113944 0.125817
0.646784 0.004634 -0.001331 0.125817 0.135597
0.646001 0.005608 0.000446 0.135597 0.138896
0.645503 0.006369 0.000891 0.138896 0.135638
0.645183 0.003871 -0.002634 0.135638 0.138456
0.644503 0.005761 -0.001681 0.138456 0.139159
0.643793 0.006015 -0.000190 0.139159 0.151784
0.643170 0.005964 -0.001158 0.151784 0.164491
0.641855 0.006305 0.001101 0.164491 0.140064
0.641319 0.005695 0.000774 0.140064 0.110522
0.640931 0.003659 0.000818 0.110522 0.088853
0.640478 0.004064 0.004052 0.088853 0.043574
0.640189 0.001809 0.006590 0.043574 0.024338
0.639507 0.000531 0.009134 0.024338 0.005628
0.638840 -0.000508 0.006332 0.005628 -0.020982
0.638027 -0.001793 0.011727 -0.020982 -0.015619
0.637128 -0.001367 0.007781 -0.015619 -0.016171
0.636348 -0.001309 0.011773 -0.016171 -0.018690
0.635457 -0.001367 0.009211 -0.018690 -0.018037
0.634604 -0.001297 0.009412 -0.018037 0.011654
0.633990 0.000265 0.008329 0.011654 0.012919
0.633256 0.000477 0.008407 0.012919 0.010041
0.632778 0.000444 0.006136 0.010041 0.007647
0.632565 0.000396 0.004546 0.007647 0.007395
0.632408 0.000235 0.002354 0.007395 0.035968
0.632491 0.001931 0.001380 0.035968 0.037092
0.632766 0.002092 0.000151 0.037092 0.036951
0.633011 0.001985 0.000651 0.036951 0.045791
0.633192 0.002518 -0.000295 0.045791 0.062279
0.633175 0.003358 0.001038 0.062279 0.091792
0.633163 0.005164 0.002630 0.091792 0.133834
0.632688 0.007787 0.002835 0.133834 0.173244
0.631837 0.009094 0.002605 0.173244 0.198338
0.630721 0.008949 0.001154 0.198338 0.200373
0.629662 0.010856 0.001819 0.200373 0.182429
0.629048 0.008750 -0.000109 0.182429 0.157342
0.628565 0.007990 0.000443 0.157342 0.130920
0.628411 0.006526 -0.000126 0.130920 0.113069
0.628310 0.006326 0.001533 0.113069 0.104888
0.628348 0.005560 0.000498 0.104888 0.106867
0.628262 0.005094 -0.000860 0.106867 0.114445
0.628087 0.005372 -0.000899 0.114445 0.124131
0.627851 0.005559 -0.000458 0.124131 0.133074
0.627704 0.006819 0.000469 0.133074 0.138269
0.627152 0.006931 0.001310 0.138269 0.140230
0.627005 0.007062 0.000818 0.140230 0.137891
0.626916 0.005273 -0.003292 0.137891 0.134242
0.626383 0.007567 0.001296 0.134242 0.129288
0.626398 0.006881 0.000262 0.129288 0.128554
0.626197 0.006700 0.000867 0.128554 0.127496
0.626115 0.006338 -0.000609 0.127496 0.126740
0.625970 0.005205 -0.002204 0.126740 0.126851
0.625741 0.006819 0.000215 0.126851 0.126572
0.625630 0.006991 0.000009 0.126572 0.128825
0.625400 0.007772 0.003262 0.128825 0.130058
0.625438 0.005675 -0.001499 0.130058 0.131504
0.625267 0.005932 -0.002663 0.131504 0.129795
0.625002 0.007131 -0.000410 0.129795 0.128320
0.624847 0.007227 0.001805 0.128320 0.128854
0.624708 0.007494 0.001969 0.128854 0.129880
0.624734 0.005622 -0.002114 0.129880 0.132556
0.624414 0.007192 -0.000168 0.132556 0.161614
0.623951 0.008413 0.000462 0.161614 0.165128
0.623475 0.008829 0.000908 0.165128 0.208706
0.622494 0.008789 -0.001250 0.208706 0.172504
0.621814 0.008716 0.002073 0.172504 0.125251
0.621943 0.006134 0.000170 0.125251 0.063541
0.622216 0.003549 0.001466 0.063541 0.002716
0.622603 0.000135 -0.000447 0.002716 -0.015381
0.623240 -0.000801 -0.002125 -0.015381 -0.014213
0.624076 -0.000744 -0.005341 -0.014213 -0.012648
0.624997 -0.000858 -0.006205 -0.012648 -0.010884
0.626277 -0.000853 -0.008981 -0.010884 -0.008435
0.627593 -0.000843 -0.009532 -0.008435 -0.006675
0.629043 -0.000919 -0.010729 -0.006675 -0.005091
0.630549 -0.000916 -0.011584 -0.005091 -0.003573
0.632039 -0.001029 -0.011760 -0.003573 -0.002391
0.633395 -0.001046 -0.010952 -0.002391 -0.001148
0.634818 -0.001250 -0.010121 -0.001148 -0.021828
0.636119 -0.002396 -0.010410 -0.021828 -0.021300
0.637309 -0.002400 -0.007401 -0.021300 -0.018222
0.638365 -0.002278 -0.008244 -0.018222 -0.014019
0.639047 -0.002182 -0.006513 -0.014019 -0.012226
0.639532 -0.002055 -0.004268 -0.012226 -0.012351
0.640107 -0.002018 -0.002411 -0.012351 -0.077943
0.640402 -0.005415 -0.002476 -0.077943 -0.086496
0.641062 -0.004947 -0.005173 -0.086496 -0.093848
0.641440 -0.005313 -0.007588 -0.093848 -0.102440
0.641968 -0.006247 -0.007793 -0.102440 -0.114898
0.642685 -0.007272 -0.007717 -0.114898 -0.137158
0.643155 -0.008783 -0.007436 -0.137158 -0.184970
0.643373 -0.009295 -0.012170 -0.184970 -0.195470
0.643586 -0.010223 -0.011832 -0.195470 -0.117883
0.644826 -0.006730 -0.012450 -0.117883 -0.057882
0.645893 -0.003994 -0.011815 -0.057882 0.016573
0.646744 -0.000138 -0.003733 0.016573 0.046750
0.646976 0.000913 -0.000803 0.046750 0.032203
0.646511 0.000317 0.006349 0.032203 -0.010944
0.646134 -0.002123 0.001542 -0.010944 -0.056055
0.645919 -0.004158 -0.000465 -0.056055 -0.077537
0.646074 -0.004920 -0.003454 -0.077537 -0.058295
0.646817 -0.004291 -0.007063 -0.058295 -0.011461
0.648042 -0.001751 -0.009761 -0.011461 0.015517
0.649173 -0.000457 -0.011703 0.015517 0.024719
0.650575 0.000151 -0.013759 0.024719 0.014698
0.651934 -0.000078 -0.013779 0.014698 -0.001022
0.653469 -0.000920 -0.016902 -0.001022 -0.017948
0.654907 -0.001461 -0.013494 -0.017948 -0.024595
0.656278 -0.001745 -0.014871 -0.024595 -0.018220
0.657512 -0.001099 -0.013929 -0.018220 -0.004330
0.658774 -0.000392 -0.011343 -0.004330 0.006278
0.659758 0.000177 -0.009885 0.006278 0.008550
0.660376 0.000427 -0.004275 0.008550 0.003973
0.660524 0.000140 -0.003285 0.003973 -0.004695
0.660621 -0.000211 -0.000769 -0.004695 -0.011425
0.659609 -0.000504 0.006680 -0.011425 -0.011061
0.658709 -0.000593 0.011054 -0.011061 -0.005063
0.657088 -0.000291 0.015828 -0.005063 0.000937
0.655302 0.000042 0.018575 0.000937 0.003290
0.652905 0.000134 0.022922 0.003290 0.001893
0.650357 0.000079 0.026513 0.001893 -0.001185
0.647127 -0.000039 0.030286 -0.001185 -0.004460
0.643959 -0.000168 0.034730 -0.004460 -0.005711
0.640494 -0.000211 0.034737 -0.005711 -0.004413
0.636859 -0.000161 0.037188 -0.004413 -0.001595
0.632827 -0.000113 0.040933 -0.001595 -0.000501
0.628744 -0.000065 0.045650 -0.000501 -0.000641
0.624492 -0.000048 0.044356 -0.000641 -0.000925
0.620148 -0.000063 0.043095 -0.000925 -0.001408
0.615576 -0.000074 0.048074 -0.001408 -0.001881
0.610971 -0.000095 0.045587 -0.001881 -0.002122
0.606552 -0.000074 0.045347 -0.002122 -0.002344
0.601789 -0.000065 0.046200 -0.002344 -0.002280
0.597219 -0.000106 0.047254 -0.002280 -0.002211
0.592779 -0.000067 0.047492 -0.002211 -0.002102
0.587993 -0.000081 0.045745 -0.002102 -0.001842
0.583478 -0.000079 0.046606 -0.001842 -0.001831
0.579116 -0.000084 0.047091 -0.001831 -0.001650
0.574885 -0.000056 0.043296 -0.001650 -0.001389
0.570467 -0.000036 0.043737 -0.001389 -0.001220
0.566346 -0.000039 0.045834 -0.001220 -0.001016
0.562459 -0.000007 0.042449 -0.001016 -0.000703
0.558529 -0.000030 0.037644 -0.000703 -0.000438
0.554772 0.000023 0.039891 -0.000438 -0.000199
0.551195 0.000034 0.039961 -0.000199 0.000136
0.547896 0.000012 0.037345 0.000136 0.000294
0.544897 0.000012 0.034765 0.000294 0.000364
0.542038 0.000024 0.030710 0.000364 0.000457
0.539376 0.000037 0.028861 0.000457 0.000557
0.536871 0.000094 0.030074 0.000557 0.000863
0.534843 0.000071 0.026572 0.000863 0.000767
0.533171 0.000068 0.024127 0.000767 0.000535
0.531574 0.000073 0.018512 0.000535 0.000433
0.530386 0.000028 0.018114 0.000433 0.000326
0.529354 0.000022 0.019601 0.000326 0.000452
0.528767 0.000019 0.017212 0.000452 0.000477
0.528721 0.000021 0.011253 0.000477 0.000433
0.528924 0.000033 0.004566 0.000433 0.000417
0.529409 0.000030 0.002383 0.000417 0.000247
0.530146 0.000017 0.003823 0.000247 0.000393
0.531329 0.000006 0.002605 0.000393 0.000563
0.533148 0.000086 -0.003549 0.000563 0.000656
0.535022 0.000094 -0.007740 0.000656 0.000046
0.537614 0.000046 -0.013803 0.000046 -0.000398
0.540403 0.000009 -0.012187 -0.000398 -0.000848
0.543431 -0.000062 -0.013299 -0.000848 -0.000562
0.546982 -0.000032 -0.019321 -0.000562 -0.000328
0.550456 0.000037 -0.022412 -0.000328 -0.000695
0.554662 -0.000024 -0.027943 -0.000695 -0.000977
0.558870 -0.000044 -0.026249 -0.000977 -0.001371
0.563168 -0.000044 -0.025369 -0.001371 -0.001052
0.568160 -0.000029 -0.032678 -0.001052 -0.000943
0.572632 -0.000033 -0.036502 -0.000943 -0.001496
0.578027 -0.000011 -0.037480 -0.001496 -0.002039
0.582997 -0.000069 -0.037668 -0.002039 -0.001886
0.588517 -0.000041 -0.040897 -0.001886 -0.001766
0.593803 -0.000103 -0.042081 -0.001766 -0.002036
0.599309 -0.000097 -0.042526 -0.002036 -0.002433
0.605046 -0.000127 -0.045009 -0.002433 -0.002649
0.610654 -0.000165 -0.046364 -0.002649 -0.003252
0.616331 -0.000143 -0.049590 -0.003252 -0.003414
0.621931 -0.000143 -0.049280 -0.003414 -0.003828
0.627605 -0.000237 -0.049336 -0.003828 -0.003822
0.633223 -0.000263 -0.047715 -0.003822 -0.003518
0.638837 -0.000183 -0.050586 -0.003518 -0.002986
0.644221 -0.000096 -0.052317 -0.002986 -0.002905
0.649486 -0.000092 -0.051049 -0.002905 -0.002317
0.654832 -0.000077 -0.050831 -0.002317 -0.000912
0.659819 -0.000022 -0.050108 -0.000912 0.000249
0.664626 -0.000009 -0.048566 0.000249 0.001037
0.669236 0.000091 -0.046615 0.001037 0.001411
0.673624 0.000100 -0.046910 0.001411 0.001749
0.677776 0.000158 -0.043419 0.001749 0.001754
0.681560 0.000119 -0.043448 0.001754 0.001918
0.685041 0.000120 -0.038986 0.001918 0.000819
0.688361 0.000031 -0.039831 0.000819 0.000321
0.690985 -0.000002 -0.030961 0.000321 -0.003024
0.693552 -0.000149 -0.031360 -0.003024 -0.002408
0.695348 -0.000075 -0.023575 -0.002408 -0.001230
0.697056 -0.000023 -0.021521 -0.001230 0.000562
0.698010 0.000066 -0.013662 0.000562 0.001484
0.698842 0.000031 -0.010747 0.001484 0.001928
0.698862 0.000095 -0.003394 0.001928 0.001817
0.698732 0.000073 -0.005682 0.001817 0.001526
0.698121 0.000120 0.000295 0.001526 0.000174
0.697579 0.000042 -0.000453 0.000174 -0.001060
0.696831 -0.000010 -0.000735 -0.001060 -0.020004
0.696202 -0.000744 -0.000030 -0.020004 -0.019843
0.695716 -0.000806 0.000430 -0.019843 -0.012822
0.695165 -0.000576 -0.000381 -0.012822 -0.001700
0.694505 -0.000042 -0.000761 -0.001700 0.005590
0.693979 0.000206 0.000075 0.005590 0.008289
0.693468 0.000388 -0.000401 0.008289 0.005716
0.692828 0.000284 -0.000361 0.005716 0.001657
0.692303 0.000053 -0.001365 0.001657 -0.004024
0.691845 -0.000211 0.001030 -0.004024 -0.009965
0.691229 -0.000385 -0.000735 -0.009965 -0.013176
0.690740 -0.000523 0.000249 -0.013176 -0.016043
0.690181 -0.000554 -0.000887 -0.016043 -0.022883
0.689619 -0.000959 0.000835 -0.022883 -0.032536
0.689205 -0.001472 0.000487 -0.032536 -0.037475
0.688664 -0.001240 -0.001894 -0.037475 -0.040565
0.688065 -0.002069 0.001898 -0.040565 -0.030091
0.687464 -0.001126 -0.000270 -0.030091 0.004041
0.687048 0.000345 0.001553 0.004041 0.000296
0.686568 0.000214 -0.000813 0.000296 -0.002969
0.686118 0.000174 -0.000630 -0.002969 -0.007544
0.685540 0.000058 0.000536 -0.007544 -0.012146
0.685247 0.000105 -0.001246 -0.012146 -0.012975
0.684822 -0.000105 0.000433 -0.012975 -0.014833
0.684358 0.000218 -0.001172 -0.014833 -0.015768
0.684014 0.000424 -0.000433 -0.015768 -0.014574
0.683496 0.000476 0.000311 -0.014574 -0.013136
0.683064 0.000754 0.000202 -0.013136 -0.011247
0.682642 0.001027 0.001027 -0.011247 -0.008322
0.682116 0.001371 0.001627 -0.008322 -0.005006
0.681624 0.001498 0.001609 -0.005006 0.015467
0.681057 0.002632 -0.001201 0.015467 0.016685
0.680692 0.002872 -0.000235 0.016685 0.012084
0.680337 0.002744 -0.000531 0.012084 0.006025
0.679972 0.002769 -0.003038 0.006025 0.000084
0.679703 0.002483 -0.001185 0.000084 -0.004944
0.679376 0.002451 -0.001380 -0.004944 -0.007458
0.679056 0.002440 0.000068 -0.007458 -0.008269
0.678569 0.002671 0.000017 -0.008269 -0.007391
0.678249 0.002790 -0.000561 -0.007391 -0.004143
0.677790 0.002896 0.000128 -0.004143 0.023608
0.677613 0.004148 -0.000365 0.023608 0.023813
0.677548 0.004197 -0.002824 0.023813 0.019784
0.677976 0.003911 -0.002650 0.019784 0.014890
0.678844 0.003693 -0.006186 0.014890 0.011696
0.679692 0.003415 -0.004418 0.011696 0.010902
0.680637 0.003435 -0.005563 0.010902 0.035410
0.681480 0.004627 -0.004883 0.035410 0.036652
0.681936 0.004661 -0.001421 0.036652 0.042892
0.681889 0.005052 0.006671 0.042892 0.054670
0.681504 0.005632 0.008527 0.054670 0.072221
0.680787 0.006080 0.008515 0.072221 0.094244
0.680024 0.007780 0.013133 0.094244 0.122158
0.679043 0.008873 0.011114 0.122158 0.148712
0.678090 0.008425 0.005761 0.148712 0.163024
0.677236 0.009511 0.003436 0.163024 0.158752
0.676709 0.008966 0.000486 0.158752 0.140637
0.676566 0.008778 -0.000355 0.140637 0.116757
0.676992 0.007431 -0.002687 0.116757 0.099752
0.677227 0.007467 -0.000532 0.099752 0.093011
0.677582 0.006872 0.000048 0.093011 0.093815
0.677651 0.007002 0.000476 0.093815 0.097664
0.678009 0.006287 -0.000245 0.097664 0.103935
0.678064 0.007286 0.000529 0.103935 0.109989
0.678124 0.007429 0.000607 0.109989 0.116307
0.678192 0.007186 -0.000810 0.116307 0.119372
0.678240 0.007398 -0.000548 0.119372 0.118864
0.678332 0.007207 -0.000921 0.118864 0.115761
0.678571 0.006647 -0.001907 0.115761 0.110707
0.678684 0.006507 -0.002222 0.110707 0.105641
0.678958 0.006409 -0.001535 0.105641 0.103405
0.679171 0.006358 -0.000889 0.103405 0.102505
0.679431 0.005801 -0.002135 0.102505 0.103178
0.679523 0.005905 -0.001368 0.103178 0.104241
0.679772 0.005737 -0.001811 0.104241 0.106089
0.679827 0.006443 0.000185 0.106089 0.107536
0.680053 0.005990 -0.000914 0.107536 0.108806
0.680096 0.006207 -0.000592 0.108806 0.108613
0.680252 0.005632 -0.001239 0.108613 0.108357
0.680389 0.005520 -0.001690 0.108357 0.107312
0.680461 0.005887 -0.000461 0.107312 0.106733
0.680442 0.005134 -0.001814 0.106733 0.106846
0.680661 0.005345 -0.002091 0.106846 0.106976
0.680693 0.005274 -0.000638 0.106976 0.107151
0.680745 0.005264 -0.001512 0.107151 0.107409
0.680805 0.005686 0.000460 0.107409 0.108574
0.680753 0.004672 -0.001344 0.108574 0.111328
0.680736 0.006144 0.000593 0.111328 0.113692
0.680698 0.005657 -0.000628 0.113692 0.122483
0.680601 0.005019 -0.002246 0.122483 0.161805
0.679745 0.007493 0.000477 0.161805 0.208228
0.678504 0.007618 -0.001466 0.208228 0.193861
0.677376 0.008032 -0.000546 0.193861 0.173252
0.676648 0.008385 0.000650 0.173252 0.102915
0.676818 0.003909 -0.002266 0.102915 0.002894
0.677226 0.000142 0.000882 0.002894 -0.065725
0.677413 -0.003302 0.000036 -0.065725 -0.080018
0.677536 -0.003707 -0.000175 -0.080018 -0.040353
0.677908 -0.001878 0.000000 -0.040353 0.001714
0.678315 0.000111 0.000575 0.001714 0.017167
0.678424 0.000704 -0.001320 0.017167 0.019946
0.678066 0.000911 -0.000286 0.019946 0.016541
0.677731 0.000869 0.000775 0.016541 0.009098
0.677328 0.000493 0.000849 0.009098 0.004706
0.677084 0.000251 -0.000699 0.004706 0.004303
0.676779 0.000201 -0.000073 0.004303 0.003337
0.676452 0.000140 0.000609 0.003337 0.002297
0.676089 0.000065 -0.000122 0.002297 0.001599
0.675850 0.000073 0.000144 0.001599 0.000698
0.675495 0.000037 0.000158 0.000698 -0.000171
0.675287 -0.000029 0.000366 -0.000171 -0.002112
0.674885 -0.000083 -0.000523 -0.002112 -0.003603
0.674685 -0.000145 0.000550 -0.003603 -0.003867
0.674272 -0.000166 0.000564 -0.003867 -0.003721
0.674089 -0.000191 -0.000380 -0.003721 -0.004397
0.673842 -0.000196 -0.000437 -0.004397 -0.004800
0.673543 -0.000294 0.000968 -0.004800 -0.005081
0.673232 -0.000295 0.000496 -0.005081 -0.005037
0.673047 -0.000245 -0.000871 -0.005037 -0.005158
0.672786 -0.000248 -0.000485 -0.005158 -0.004749
0.672529 -0.000286 0.000629 -0.004749 -0.003053
0.672217 -0.000178 0.000269 -0.003053 -0.001694
0.672052 -0.000100 -0.001543 -0.001694 -0.001004
0.671782 -0.000048 0.000428 -0.001004 0.000106
0.671536 0.000019 0.000568 0.000106 0.001244
0.671280 0.000066 0.000385 0.001244 0.001797
0.671093 0.000110 -0.000713 0.001797 0.001892
0.670804 0.000116 -0.000220 0.001892 0.001497
0.670527 0.000074 0.000405 0.001497 0.001127
0.670370 0.000066 -0.000072 0.001127 0.001159
0.670166 0.000062 -0.000320 0.001159 0.001202
0.669839 0.000080 -0.000720 0.001202 0.001160
0.669637 0.000066 0.000669 0.001160 0.001143
0.669419 0.000042 -0.000801 0.001143 0.001349
0.669114 0.000055 0.000023 0.001349 0.001131
0.668923 0.000061 0.000021 0.001131 0.001202
0.668781 0.000050 0.000151 0.001202 0.001224
0.668424 0.000053 0.000347 0.001224 0.001205
0.668244 0.000093 0.000290 0.001205 0.000966
0.667876 0.000074 0.000801 0.000966 0.000980
0.667548 0.000143 0.001361 0.000980 0.000777
0.667270 0.000133 0.000645 0.000777 0.000711
0.666732 0.000214 0.002217 0.000711 0.000490
0.666478 0.000180 0.003095 0.000490 0.000299
0.666152 0.000226 0.001721 0.000299 0.000281
0.665635 0.000281 0.003431 0.000281 -0.000253
0.665146 0.000344 0.002202 -0.000253 -0.000627
0.664865 0.000377 0.003125 -0.000627 -0.001414
0.664312 0.000442 0.001701 -0.001414 -0.001612
0.663726 0.000519 0.002125 -0.001612 -0.002149
0.663280 0.000519 0.003788 -0.002149 -0.002586
0.662714 0.000557 0.003758 -0.002586 0.000228
0.662313 0.000740 0.004409 0.000228 -0.000174
0.661762 0.000889 0.003509 -0.000174 -0.000706
0.661266 0.000851 0.004421 -0.000706 -0.001963
0.660717 0.000929 0.004285 -0.001963 -0.003185
0.660240 0.000923 0.004053 -0.003185 -0.004309
0.659661 0.001004 0.004569 -0.004309 -0.005062
0.658975 0.001064 0.004384 -0.005062 -0.005484
0.658320 0.001201 0.004746 -0.005484 -0.005488
0.657861 0.001135 0.006521 -0.005488 -0.004694
0.657162 0.001352 0.004233 -0.004694 0.001196
0.656630 0.001526 0.006301 0.001196 0.002226
0.656022 0.001632 0.005640 0.002226 0.001889
0.655467 0.001660 0.005585 0.001889 0.000103
0.654880 0.001693 0.005695 0.000103 -0.001856
0.654263 0.001823 0.005381 -0.001856 -0.002817
0.653613 0.001981 0.003995 -0.002817 -0.002710
0.653008 0.002032 0.004894 -0.002710 -0.002305
0.652462 0.002059 0.006681 -0.002305 -0.001223
0.651784 0.002306 0.005877 -0.001223 -0.000395
0.651361 0.002217 0.006461 -0.000395 -0.000719
0.650710 0.002170 0.005664 -0.000719 -0.000984
0.650193 0.002172 0.005388 -0.000984 -0.001768
0.649730 0.002533 0.003749 -0.001768 -0.001816
0.649191 0.002441 0.005314 -0.001816 0.017656
0.648783 0.003614 0.002099 0.017656 0.018218
0.648408 0.003615 0.002844 0.018218 0.012991
0.648299 0.003428 0.001577 0.012991 0.007646
0.648169 0.003016 0.001235 0.007646 0.001579
0.648121 0.002900 0.001475 0.001579 -0.003888
0.648123 0.002893 -0.002901 -0.003888 -0.007719
0.648024 0.002269 0.001081 -0.007719 -0.011619
0.647954 0.002095 0.000778 -0.011619 -0.012865
0.647807 0.002134 0.001305 -0.012865 -0.012792
0.647645 0.002560 0.000820 -0.012792 -0.008699
0.647453 0.002327 0.001983 -0.008699 0.028991
0.647652 0.004301 0.001549 0.028991 0.029577
0.648454 0.004416 -0.003195 0.029577 0.026672
0.649588 0.004261 -0.003708 0.026672 0.022270
0.650798 0.003972 -0.003437 0.022270 0.019000
0.652102 0.003713 -0.003399 0.019000 0.016397
0.653154 0.003484 -0.001447 0.016397 0.015376
0.653712 0.003574 0.004493 0.015376 0.054670
0.653809 0.005596 0.005104 0.054670 0.062262
0.653773 0.006101 0.009228 0.062262 0.066740
0.653429 0.006183 0.009618 0.066740 0.072158
0.652953 0.006407 0.010818 0.072158 0.076477
0.652537 0.006826 0.011181 0.076477 0.081306
0.652025 0.007200 0.011858 0.081306 0.086249
0.651564 0.007103 0.009527 0.086249 0.089804
0.651267 0.007314 0.007967 0.089804 0.090169
0.651129 0.007382 0.005771 0.090169 0.049028
0.651227 0.005303 0.006210 0.049028 0.040365
0.651149 0.004918 0.007687 0.040365 0.039164
0.651131 0.004843 0.008659 0.039164 0.040921
0.651262 0.004966 0.006293 0.040921 0.043789
0.651571 0.005112 0.003346 0.043789 0.044353
0.652067 0.005127 0.001247 0.044353 0.040419
0.652853 0.004906 -0.000995 0.040419 0.036608
0.653760 0.004743 -0.004098 0.036608 0.033482
0.654991 0.004559 -0.003553 0.033482 0.032274
0.656120 0.004442 -0.002695 0.032274 0.054819
0.657021 0.005737 -0.000383 0.054819 0.056449
0.657741 0.005757 -0.000251 0.056449 0.057477
0.658467 0.005595 -0.000719 0.057477 0.058207
0.658947 0.005706 0.001426 0.058207 0.059520
0.659460 0.005809 0.003266 0.059520 0.061992
0.659651 0.005773 0.001734 0.061992 0.065091
0.660087 0.005867 0.003250 0.065091 0.067151
0.660342 0.005782 0.002002 0.067151 0.070857
0.660387 0.006162 0.004852 0.070857 0.073711
0.660697 0.006012 0.003803 0.073711 0.077412
0.660933 0.005673 0.000208 0.077412 0.080515
0.661102 0.006532 0.003650 0.080515 0.082280
0.661385 0.006195 0.002463 0.082280 0.085836
0.661543 0.006514 0.002090 0.085836 0.087560
0.661993 0.006767 0.002338 0.087560 0.088505
0.662441 0.005954 -0.002012 0.088505 0.089545
0.662820 0.006708 0.001781 0.089545 0.088102
0.663321 0.005941 -0.002019 0.088102 0.089068
0.663869 0.005760 -0.001365 0.089068 0.086896
0.664396 0.005564 -0.001970 0.086896 0.085782
0.664937 0.006030 0.000536 0.085782 0.084239
0.665557 0.005737 -0.001458 0.084239 0.083656
0.666111 0.006098 0.000232 0.083656 0.081555
0.666747 0.004445 -0.004580 0.081555 0.081290
0.667268 0.004887 -0.002014 0.081290 0.079116
0.667694 0.005014 -0.000574 0.079116 0.083341
0.668228 0.004665 -0.001646 0.083341 0.118558
0.668320 0.006905 0.000635 0.118558 0.115937
0.668621 0.006168 -0.002406 0.115937 0.100919
0.669023 0.005820 0.000111 0.100919 0.140548
0.668999 0.007197 -0.001640 0.140548 0.062691
0.669558 0.003534 0.000784 0.062691 0.066478
0.669988 0.003352 -0.001295 0.066478 0.055926
0.670281 0.002489 -0.001883 0.055926 0.041425
0.670790 0.002591 0.001359 0.041425 0.044216
0.671087 0.002308 0.001274 0.044216 0.004515
0.671552 0.000341 -0.000230 0.004515 -0.014723
0.671931 -0.000656 0.001018 -0.014723 -0.011113
0.672296 -0.000503 -0.000436 -0.011113 0.000135
0.672775 0.000015 0.002050 0.000135 0.011314
0.673209 0.000662 0.002601 0.011314 0.021759
0.673637 0.001243 0.001048 0.021759 0.030918
0.674062 0.001856 0.002350 0.030918 0.022227
0.674432 0.001280 0.002078 0.022227 0.024152
0.674329 0.000867 -0.002526 0.024152 0.025396
0.674038 0.001186 0.000415 0.025396 0.018858
0.673765 0.000958 0.002932 0.018858 0.015355
0.673518 0.000690 -0.000521 0.015355 0.009236
0.673340 0.000411 0.000153 0.009236 -0.029590
